task_id,example,input_height,input_width,output_height,output_width,input_cells,output_cells,dimensions_changed
00576224,1,2,2,6,6,4,36,True
00576224,2,2,2,6,6,4,36,True
007bbfb7,1,3,3,9,9,9,81,True
007bbfb7,2,3,3,9,9,9,81,True
007bbfb7,3,3,3,9,9,9,81,True
007bbfb7,4,3,3,9,9,9,81,True
007bbfb7,5,3,3,9,9,9,81,True
009d5c81,1,14,14,14,14,196,196,False
009d5c81,2,14,14,14,14,196,196,False
009d5c81,3,14,14,14,14,196,196,False
009d5c81,4,14,14,14,14,196,196,False
009d5c81,5,14,14,14,14,196,196,False
00d62c1b,1,10,10,10,10,100,100,False
00d62c1b,2,10,10,10,10,100,100,False
00d62c1b,3,10,10,10,10,100,100,False
00d62c1b,4,20,20,20,20,400,400,False
00d62c1b,5,6,6,6,6,36,36,False
00dbd492,1,15,15,15,15,225,225,False
00dbd492,2,9,9,9,9,81,81,False
00dbd492,3,13,13,13,13,169,169,False
00dbd492,4,7,7,7,7,49,49,False
017c7c7b,1,6,3,9,3,18,27,True
017c7c7b,2,6,3,9,3,18,27,True
017c7c7b,3,6,3,9,3,18,27,True
025d127b,1,8,9,8,9,72,72,False
025d127b,2,14,9,14,9,126,126,False
03560426,1,10,10,10,10,100,100,False
03560426,2,10,10,10,10,100,100,False
03560426,3,10,10,10,10,100,100,False
045e512c,1,21,21,21,21,441,441,False
045e512c,2,21,21,21,21,441,441,False
045e512c,3,21,21,21,21,441,441,False
0520fde7,1,3,7,3,3,21,9,True
0520fde7,2,3,7,3,3,21,9,True
0520fde7,3,3,7,3,3,21,9,True
05269061,1,7,7,7,7,49,49,False
05269061,2,7,7,7,7,49,49,False
05269061,3,7,7,7,7,49,49,False
05a7bcf2,1,30,30,30,30,900,900,False
05a7bcf2,2,30,30,30,30,900,900,False
05a7bcf2,3,30,30,30,30,900,900,False
05f2a901,1,9,10,9,10,90,90,False
05f2a901,2,14,9,14,9,126,126,False
05f2a901,3,11,10,11,10,110,110,False
0607ce86,1,21,22,21,22,462,462,False
0607ce86,2,23,22,23,22,506,506,False
0607ce86,3,22,22,22,22,484,484,False
0692e18c,1,3,3,9,9,9,81,True
0692e18c,2,3,3,9,9,9,81,True
0692e18c,3,3,3,9,9,9,81,True
06df4c85,1,23,23,23,23,529,529,False
06df4c85,2,20,20,20,20,400,400,False
06df4c85,3,23,23,23,23,529,529,False
070dd51e,1,20,10,20,10,200,200,False
070dd51e,2,30,20,30,20,600,600,False
08ed6ac7,1,9,9,9,9,81,81,False
08ed6ac7,2,9,9,9,9,81,81,False
09629e4f,1,11,11,11,11,121,121,False
09629e4f,2,11,11,11,11,121,121,False
09629e4f,3,11,11,11,11,121,121,False
09629e4f,4,11,11,11,11,121,121,False
0962bcdd,1,12,12,12,12,144,144,False
0962bcdd,2,12,12,12,12,144,144,False
09c534e7,1,20,20,20,20,400,400,False
09c534e7,2,30,30,30,30,900,900,False
09c534e7,3,18,18,18,18,324,324,False
0a1d4ef5,1,30,30,2,3,900,6,True
0a1d4ef5,2,30,30,3,3,900,9,True
0a1d4ef5,3,30,30,3,3,900,9,True
0a2355a6,1,14,14,14,14,196,196,False
0a2355a6,2,14,11,14,11,154,154,False
0a2355a6,3,15,14,15,14,210,210,False
0a2355a6,4,9,11,9,11,99,99,False
0a938d79,1,22,9,22,9,198,198,False
0a938d79,2,7,23,7,23,161,161,False
0a938d79,3,24,8,24,8,192,192,False
0a938d79,4,10,25,10,25,250,250,False
0b148d64,1,18,19,7,9,342,63,True
0b148d64,2,21,21,10,10,441,100,True
0b148d64,3,19,17,9,6,323,54,True
0b17323b,1,15,15,15,15,225,225,False
0b17323b,2,15,15,15,15,225,225,False
0bb8deee,1,15,13,6,6,195,36,True
0bb8deee,2,12,13,6,6,156,36,True
0bb8deee,3,16,12,6,6,192,36,True
0becf7df,1,10,10,10,10,100,100,False
0becf7df,2,10,10,10,10,100,100,False
0becf7df,3,10,10,10,10,100,100,False
0c786b71,1,3,4,6,8,12,48,True
0c786b71,2,3,4,6,8,12,48,True
0c786b71,3,3,4,6,8,12,48,True
0c9aba6e,1,13,4,6,4,52,24,True
0c9aba6e,2,13,4,6,4,52,24,True
0c9aba6e,3,13,4,6,4,52,24,True
0c9aba6e,4,13,4,6,4,52,24,True
0ca9ddb6,1,9,9,9,9,81,81,False
0ca9ddb6,2,9,9,9,9,81,81,False
0ca9ddb6,3,9,9,9,9,81,81,False
0d3d703e,1,3,3,3,3,9,9,False
0d3d703e,2,3,3,3,3,9,9,False
0d3d703e,3,3,3,3,3,9,9,False
0d3d703e,4,3,3,3,3,9,9,False
0d87d2a6,1,10,20,10,20,200,200,False
0d87d2a6,2,20,20,20,20,400,400,False
0d87d2a6,3,13,14,13,14,182,182,False
0e206a2e,1,14,15,14,15,210,210,False
0e206a2e,2,14,18,14,18,252,252,False
0e206a2e,3,16,14,16,14,224,224,False
0e671a1a,1,13,13,13,13,169,169,False
0e671a1a,2,13,13,13,13,169,169,False
0e671a1a,3,13,13,13,13,169,169,False
0e671a1a,4,13,13,13,13,169,169,False
0f63c0b9,1,15,15,15,15,225,225,False
0f63c0b9,2,15,15,15,15,225,225,False
0f63c0b9,3,15,15,15,15,225,225,False
0f63c0b9,4,15,15,15,15,225,225,False
103eff5b,1,22,12,22,12,264,264,False
103eff5b,2,24,13,24,13,312,312,False
10fcaaa3,1,5,3,10,6,15,60,True
10fcaaa3,2,3,4,6,8,12,48,True
10fcaaa3,3,4,4,8,8,16,64,True
10fcaaa3,4,2,4,4,8,8,32,True
11852cab,1,10,10,10,10,100,100,False
11852cab,2,10,10,10,10,100,100,False
11852cab,3,10,10,10,10,100,100,False
1190bc91,1,10,10,10,10,100,100,False
1190bc91,2,10,10,10,10,100,100,False
1190bc91,3,4,4,4,4,16,16,False
1190e5a7,1,11,11,3,2,121,6,True
1190e5a7,2,15,15,2,4,225,8,True
1190e5a7,3,27,27,6,5,729,30,True
11dc524f,1,13,13,13,13,169,169,False
11dc524f,2,13,13,13,13,169,169,False
11dc524f,3,13,13,13,13,169,169,False
11e1fe23,1,12,11,12,11,132,132,False
11e1fe23,2,10,12,10,12,120,120,False
12422b43,1,13,6,13,6,78,78,False
12422b43,2,8,7,8,7,56,56,False
12422b43,3,9,7,9,7,63,63,False
12422b43,4,7,6,7,6,42,42,False
12422b43,5,5,5,5,5,25,25,False
12997ef3,1,11,11,6,3,121,18,True
12997ef3,2,11,9,9,3,99,27,True
12997ef3,3,11,10,3,6,110,18,True
12997ef3,4,11,14,3,9,154,27,True
12eac192,1,5,8,5,8,40,40,False
12eac192,2,9,8,9,8,72,72,False
12eac192,3,3,3,3,3,9,9,False
12eac192,4,7,8,7,8,56,56,False
13713586,1,16,17,16,17,272,272,False
13713586,2,16,15,16,15,240,240,False
13713586,3,17,17,17,17,289,289,False
137eaa0f,1,11,11,3,3,121,9,True
137eaa0f,2,11,11,3,3,121,9,True
137eaa0f,3,11,11,3,3,121,9,True
137f0df0,1,10,10,10,10,100,100,False
137f0df0,2,10,10,10,10,100,100,False
137f0df0,3,10,10,10,10,100,100,False
13f06aa5,1,12,14,12,14,168,168,False
13f06aa5,2,11,13,11,13,143,143,False
13f06aa5,3,15,12,15,12,180,180,False
140c817e,1,9,9,9,9,81,81,False
140c817e,2,13,13,13,13,169,169,False
140c817e,3,11,11,11,11,121,121,False
14754a24,1,14,15,14,15,210,210,False
14754a24,2,18,16,18,16,288,288,False
14754a24,3,14,15,14,15,210,210,False
14754a24,4,18,19,18,19,342,342,False
1478ab18,1,8,8,8,8,64,64,False
1478ab18,2,8,8,8,8,64,64,False
1478ab18,3,8,8,8,8,64,64,False
14b8e18c,1,10,10,10,10,100,100,False
14b8e18c,2,10,10,10,10,100,100,False
14b8e18c,3,10,10,10,10,100,100,False
150deff5,1,8,10,8,10,80,80,False
150deff5,2,9,11,9,11,99,99,False
150deff5,3,8,9,8,9,72,72,False
15113be4,1,23,23,23,23,529,529,False
15113be4,2,23,23,23,23,529,529,False
15113be4,3,23,23,23,23,529,529,False
15660dd6,1,19,19,5,17,361,85,True
15660dd6,2,22,29,6,27,638,162,True
15663ba9,1,12,15,12,15,180,180,False
15663ba9,2,13,13,13,13,169,169,False
15663ba9,3,14,16,14,16,224,224,False
15696249,1,3,3,9,9,9,81,True
15696249,2,3,3,9,9,9,81,True
15696249,3,3,3,9,9,9,81,True
15696249,4,3,3,9,9,9,81,True
17829a00,1,16,16,16,16,256,256,False
17829a00,2,16,16,16,16,256,256,False
178fcbfb,1,10,8,10,8,80,80,False
178fcbfb,2,9,9,9,9,81,81,False
178fcbfb,3,10,11,10,11,110,110,False
17b80ad2,1,12,12,12,12,144,144,False
17b80ad2,2,13,13,13,13,169,169,False
17b80ad2,3,7,7,7,7,49,49,False
17b80ad2,4,17,17,17,17,289,289,False
17b866bd,1,16,21,16,21,336,336,False
17b866bd,2,16,16,16,16,256,256,False
17cae0c1,1,3,9,3,9,27,27,False
17cae0c1,2,3,9,3,9,27,27,False
17cae0c1,3,3,9,3,9,27,27,False
17cae0c1,4,3,9,3,9,27,27,False
18286ef8,1,12,12,12,12,144,144,False
18286ef8,2,8,8,8,8,64,64,False
18286ef8,3,15,15,15,15,225,225,False
182e5d0f,1,12,12,12,12,144,144,False
182e5d0f,2,9,9,9,9,81,81,False
182e5d0f,3,13,13,13,13,169,169,False
18419cfa,1,18,17,18,17,306,306,False
18419cfa,2,16,22,16,22,352,352,False
18419cfa,3,24,16,24,16,384,384,False
18447a8d,1,13,11,13,11,143,143,False
18447a8d,2,9,11,9,11,99,99,False
18447a8d,3,17,11,17,11,187,187,False
184a9768,1,20,22,20,22,440,440,False
184a9768,2,21,23,21,23,483,483,False
184a9768,3,20,20,20,20,400,400,False
195ba7dc,1,5,13,5,6,65,30,True
195ba7dc,2,5,13,5,6,65,30,True
195ba7dc,3,5,13,5,6,65,30,True
195ba7dc,4,5,13,5,6,65,30,True
1990f7a8,1,17,19,7,7,323,49,True
1990f7a8,2,23,23,7,7,529,49,True
1990f7a8,3,17,16,7,7,272,49,True
19bb5feb,1,16,15,2,2,240,4,True
19bb5feb,2,13,15,2,2,195,4,True
19bb5feb,3,14,16,2,2,224,4,True
1a07d186,1,15,14,15,14,210,210,False
1a07d186,2,18,19,18,19,342,342,False
1a07d186,3,15,16,15,16,240,240,False
1a244afd,1,16,16,16,16,256,256,False
1a244afd,2,10,10,10,10,100,100,False
1a244afd,3,8,8,8,8,64,64,False
1a2e2828,1,11,12,1,1,132,1,True
1a2e2828,2,9,11,1,1,99,1,True
1a2e2828,3,11,11,1,1,121,1,True
1a2e2828,4,3,3,1,1,9,1,True
1a2e2828,5,8,12,1,1,96,1,True
1a6449f1,1,21,23,8,10,483,80,True
1a6449f1,2,19,13,6,7,247,42,True
1a6449f1,3,22,21,4,5,462,20,True
1acc24af,1,12,12,12,12,144,144,False
1acc24af,2,12,12,12,12,144,144,False
1acc24af,3,12,12,12,12,144,144,False
1acc24af,4,12,12,12,12,144,144,False
1b2d62fb,1,5,7,5,3,35,15,True
1b2d62fb,2,5,7,5,3,35,15,True
1b2d62fb,3,5,7,5,3,35,15,True
1b2d62fb,4,5,7,5,3,35,15,True
1b2d62fb,5,5,7,5,3,35,15,True
1b59e163,1,18,18,18,18,324,324,False
1b59e163,2,18,18,18,18,324,324,False
1b60fb0c,1,10,10,10,10,100,100,False
1b60fb0c,2,10,10,10,10,100,100,False
1b60fb0c,3,10,10,10,10,100,100,False
1b8318e3,1,15,15,15,15,225,225,False
1b8318e3,2,10,10,10,10,100,100,False
1b8318e3,3,15,15,15,15,225,225,False
1be83260,1,27,15,23,11,405,253,True
1be83260,2,17,19,11,11,323,121,True
1bfc4729,1,10,10,10,10,100,100,False
1bfc4729,2,10,10,10,10,100,100,False
1c02dbbe,1,15,15,15,15,225,225,False
1c02dbbe,2,15,15,15,15,225,225,False
1c02dbbe,3,15,15,15,15,225,225,False
1c0d0a4b,1,9,13,9,13,117,117,False
1c0d0a4b,2,5,13,5,13,65,65,False
1c0d0a4b,3,9,9,9,9,81,81,False
1c56ad9f,1,15,15,15,15,225,225,False
1c56ad9f,2,15,14,15,14,210,210,False
1c56ad9f,3,15,15,15,15,225,225,False
1c56ad9f,4,13,14,13,14,182,182,False
1c786137,1,13,16,5,3,208,15,True
1c786137,2,23,21,6,8,483,48,True
1c786137,3,17,18,8,10,306,80,True
1caeab9d,1,10,10,10,10,100,100,False
1caeab9d,2,5,10,5,10,50,50,False
1caeab9d,3,5,10,5,10,50,50,False
1cf80156,1,11,12,5,3,132,15,True
1cf80156,2,10,12,4,4,120,16,True
1cf80156,3,12,12,3,5,144,15,True
1d0a4b61,1,25,25,25,25,625,625,False
1d0a4b61,2,25,25,25,25,625,625,False
1d0a4b61,3,25,25,25,25,625,625,False
1d398264,1,20,20,20,20,400,400,False
1d398264,2,10,10,10,10,100,100,False
1d398264,3,15,15,15,15,225,225,False
1d61978c,1,16,16,16,16,256,256,False
1d61978c,2,16,16,16,16,256,256,False
1da012fc,1,14,20,14,20,280,280,False
1da012fc,2,19,22,19,22,418,418,False
1e0a9b12,1,6,6,6,6,36,36,False
1e0a9b12,2,4,4,4,4,16,16,False
1e0a9b12,3,5,5,5,5,25,25,False
1e32b0e9,1,17,17,17,17,289,289,False
1e32b0e9,2,17,17,17,17,289,289,False
1e32b0e9,3,17,17,17,17,289,289,False
1e5d6875,1,8,8,8,8,64,64,False
1e5d6875,2,8,8,8,8,64,64,False
1e81d6f9,1,15,15,15,15,225,225,False
1e81d6f9,2,15,15,15,15,225,225,False
1e81d6f9,3,15,15,15,15,225,225,False
1efba499,1,12,12,12,12,144,144,False
1efba499,2,12,12,12,12,144,144,False
1efba499,3,12,14,12,14,168,168,False
1f0c79e5,1,9,9,9,9,81,81,False
1f0c79e5,2,9,9,9,9,81,81,False
1f0c79e5,3,9,9,9,9,81,81,False
1f0c79e5,4,9,9,9,9,81,81,False
1f642eb9,1,10,10,10,10,100,100,False
1f642eb9,2,10,10,10,10,100,100,False
1f642eb9,3,10,10,10,10,100,100,False
1f85a75f,1,30,30,3,3,900,9,True
1f85a75f,2,30,30,5,3,900,15,True
1f876c06,1,10,10,10,10,100,100,False
1f876c06,2,10,10,10,10,100,100,False
1f876c06,3,10,10,10,10,100,100,False
1fad071e,1,9,9,1,5,81,5,True
1fad071e,2,9,9,1,5,81,5,True
1fad071e,3,9,9,1,5,81,5,True
2013d3e2,1,10,10,3,3,100,9,True
2013d3e2,2,10,10,3,3,100,9,True
2037f2c7,1,25,25,4,8,625,32,True
2037f2c7,2,23,25,3,7,575,21,True
2037f2c7,3,22,22,2,6,484,12,True
2072aba6,1,3,3,6,6,9,36,True
2072aba6,2,3,3,6,6,9,36,True
2072aba6,3,3,3,6,6,9,36,True
20818e16,1,16,15,6,9,240,54,True
20818e16,2,14,15,6,8,210,48,True
20818e16,3,15,15,8,8,225,64,True
20981f0e,1,14,16,14,16,224,224,False
20981f0e,2,13,19,13,19,247,247,False
20981f0e,3,17,10,17,10,170,170,False
20fb2937,1,20,11,13,11,220,143,True
20fb2937,2,20,11,13,11,220,143,True
212895b5,1,18,17,18,17,306,306,False
212895b5,2,20,20,20,20,400,400,False
212895b5,3,16,19,16,19,304,304,False
21f83797,1,13,13,13,13,169,169,False
21f83797,2,13,13,13,13,169,169,False
2204b7a8,1,10,10,10,10,100,100,False
2204b7a8,2,10,10,10,10,100,100,False
2204b7a8,3,10,10,10,10,100,100,False
22168020,1,10,10,10,10,100,100,False
22168020,2,10,10,10,10,100,100,False
22168020,3,10,10,10,10,100,100,False
22208ba4,1,16,16,16,16,256,256,False
22208ba4,2,17,17,17,17,289,289,False
22208ba4,3,22,15,22,15,330,330,False
22208ba4,4,7,7,7,7,49,49,False
22233c11,1,10,10,10,10,100,100,False
22233c11,2,10,10,10,10,100,100,False
22233c11,3,10,10,10,10,100,100,False
22425bda,1,7,7,1,2,49,2,True
22425bda,2,10,10,1,3,100,3,True
22425bda,3,12,12,1,4,144,4,True
22425bda,4,16,16,1,5,256,5,True
22806e14,1,16,16,16,16,256,256,False
22806e14,2,16,16,16,16,256,256,False
22806e14,3,16,16,16,16,256,256,False
2281f1f4,1,10,10,10,10,100,100,False
2281f1f4,2,10,10,10,10,100,100,False
2281f1f4,3,10,10,10,10,100,100,False
228f6490,1,10,10,10,10,100,100,False
228f6490,2,10,10,10,10,100,100,False
228f6490,3,10,10,10,10,100,100,False
22a4bbc2,1,20,4,20,4,80,80,False
22a4bbc2,2,19,5,19,5,95,95,False
22a4bbc2,3,14,5,14,5,70,70,False
22a4bbc2,4,15,3,15,3,45,45,False
22eb0ac0,1,10,10,10,10,100,100,False
22eb0ac0,2,10,10,10,10,100,100,False
22eb0ac0,3,10,10,10,10,100,100,False
230f2e48,1,10,10,10,10,100,100,False
230f2e48,2,8,8,8,8,64,64,False
230f2e48,3,12,12,12,12,144,144,False
234bbc79,1,3,11,3,9,33,27,True
234bbc79,2,3,11,3,9,33,27,True
234bbc79,3,3,11,3,8,33,24,True
234bbc79,4,3,9,3,7,27,21,True
23581191,1,9,9,9,9,81,81,False
23581191,2,9,9,9,9,81,81,False
239be575,1,6,7,1,1,42,1,True
239be575,2,6,7,1,1,42,1,True
239be575,3,6,6,1,1,36,1,True
239be575,4,5,7,1,1,35,1,True
239be575,5,6,7,1,1,42,1,True
239be575,6,5,5,1,1,25,1,True
23b5c85d,1,13,15,3,4,195,12,True
23b5c85d,2,20,20,2,3,400,6,True
23b5c85d,3,10,15,3,2,150,6,True
23b5c85d,4,18,15,2,2,270,4,True
23b5c85d,5,10,10,3,3,100,9,True
25094a63,1,30,30,30,30,900,900,False
25094a63,2,30,30,30,30,900,900,False
252143c9,1,11,11,11,11,121,121,False
252143c9,2,7,7,7,7,49,49,False
253bf280,1,9,6,9,6,54,54,False
253bf280,2,3,3,3,3,9,9,False
253bf280,3,7,6,7,6,42,42,False
253bf280,4,12,11,12,11,132,132,False
253bf280,5,12,11,12,11,132,132,False
253bf280,6,5,6,5,6,30,30,False
253bf280,7,7,13,7,13,91,91,False
253bf280,8,10,11,10,11,110,110,False
2546ccf6,1,19,18,19,18,342,342,False
2546ccf6,2,17,19,17,19,323,323,False
256b0a75,1,22,24,22,24,528,528,False
256b0a75,2,23,21,23,21,483,483,False
256b0a75,3,23,23,23,23,529,529,False
25c199f5,1,5,17,5,5,85,25,True
25c199f5,2,5,17,5,5,85,25,True
25c199f5,3,5,17,5,5,85,25,True
25c199f5,4,5,17,5,5,85,25,True
25c199f5,5,5,17,5,5,85,25,True
25d487eb,1,12,12,12,12,144,144,False
25d487eb,2,10,15,10,15,150,150,False
25d487eb,3,15,12,15,12,180,180,False
25d8a9c8,1,3,3,3,3,9,9,False
25d8a9c8,2,3,3,3,3,9,9,False
25d8a9c8,3,3,3,3,3,9,9,False
25d8a9c8,4,3,3,3,3,9,9,False
25e02866,1,14,14,4,4,196,16,True
25e02866,2,16,16,5,5,256,25,True
25ff71a9,1,3,3,3,3,9,9,False
25ff71a9,2,3,3,3,3,9,9,False
25ff71a9,3,3,3,3,3,9,9,False
25ff71a9,4,3,3,3,3,9,9,False
2601afb7,1,9,9,9,9,81,81,False
2601afb7,2,7,7,7,7,49,49,False
2601afb7,3,11,11,11,11,121,121,False
264363fd,1,30,30,30,30,900,900,False
264363fd,2,30,30,30,30,900,900,False
264363fd,3,30,30,30,30,900,900,False
2685904e,1,10,10,10,10,100,100,False
2685904e,2,10,10,10,10,100,100,False
2685904e,3,10,10,10,10,100,100,False
2685904e,4,10,10,10,10,100,100,False
2685904e,5,10,10,10,10,100,100,False
2685904e,6,10,10,10,10,100,100,False
2697da3f,1,7,8,11,11,56,121,True
2697da3f,2,7,7,11,11,49,121,True
2697da3f,3,8,8,15,15,64,225,True
2697da3f,4,9,7,15,15,63,225,True
272f95fa,1,12,14,12,14,168,168,False
272f95fa,2,18,19,18,19,342,342,False
2753e76c,1,16,16,4,4,256,16,True
2753e76c,2,16,16,3,3,256,9,True
2753e76c,3,16,16,4,5,256,20,True
278e5215,1,15,10,6,5,150,30,True
278e5215,2,15,15,10,7,225,70,True
278e5215,3,15,16,5,8,240,40,True
27a28665,1,3,3,1,1,9,1,True
27a28665,2,3,3,1,1,9,1,True
27a28665,3,3,3,1,1,9,1,True
27a28665,4,3,3,1,1,9,1,True
27a28665,5,3,3,1,1,9,1,True
27a28665,6,3,3,1,1,9,1,True
27a28665,7,3,3,1,1,9,1,True
27a77e38,1,5,5,5,5,25,25,False
27a77e38,2,3,3,3,3,9,9,False
27a77e38,3,7,7,7,7,49,49,False
27f8ce4f,1,3,3,9,9,9,81,True
27f8ce4f,2,3,3,9,9,9,81,True
27f8ce4f,3,3,3,9,9,9,81,True
27f8ce4f,4,3,3,9,9,9,81,True
281123b4,1,4,19,4,4,76,16,True
281123b4,2,4,19,4,4,76,16,True
281123b4,3,4,19,4,4,76,16,True
281123b4,4,4,19,4,4,76,16,True
281123b4,5,4,19,4,4,76,16,True
281123b4,6,4,19,4,4,76,16,True
28bf18c6,1,8,8,3,6,64,18,True
28bf18c6,2,8,8,3,6,64,18,True
28bf18c6,3,8,8,3,6,64,18,True
28e73c20,1,13,13,13,13,169,169,False
28e73c20,2,8,8,8,8,64,64,False
28e73c20,3,15,15,15,15,225,225,False
28e73c20,4,10,10,10,10,100,100,False
28e73c20,5,6,6,6,6,36,36,False
292dd178,1,7,9,7,9,63,63,False
292dd178,2,11,10,11,10,110,110,False
292dd178,3,11,9,11,9,99,99,False
29623171,1,11,11,11,11,121,121,False
29623171,2,11,11,11,11,121,121,False
29623171,3,11,11,11,11,121,121,False
29700607,1,12,12,12,12,144,144,False
29700607,2,15,15,15,15,225,225,False
29700607,3,11,11,11,11,121,121,False
29c11459,1,5,11,5,11,55,55,False
29c11459,2,5,11,5,11,55,55,False
2a28add5,1,10,10,10,10,100,100,False
2a28add5,2,10,10,10,10,100,100,False
2a5f8217,1,9,9,9,9,81,81,False
2a5f8217,2,6,6,6,6,36,36,False
2a5f8217,3,11,11,11,11,121,121,False
2b01abd0,1,11,12,11,12,132,132,False
2b01abd0,2,12,9,12,9,108,108,False
2b01abd0,3,14,11,14,11,154,154,False
2b9ef948,1,15,20,15,20,300,300,False
2b9ef948,2,30,30,30,30,900,900,False
2b9ef948,3,30,30,30,30,900,900,False
2bcee788,1,10,10,10,10,100,100,False
2bcee788,2,10,10,10,10,100,100,False
2bcee788,3,10,10,10,10,100,100,False
2bcee788,4,10,10,10,10,100,100,False
2bee17df,1,12,12,12,12,144,144,False
2bee17df,2,12,12,12,12,144,144,False
2bee17df,3,10,10,10,10,100,100,False
2c0b0aff,1,24,24,8,8,576,64,True
2c0b0aff,2,24,24,8,9,576,72,True
2c0b0aff,3,22,20,8,11,440,88,True
2c0b0aff,4,23,23,7,8,529,56,True
2c608aff,1,14,12,14,12,168,168,False
2c608aff,2,10,12,10,12,120,120,False
2c608aff,3,14,18,14,18,252,252,False
2c608aff,4,9,12,9,12,108,108,False
2c737e39,1,12,12,12,12,144,144,False
2c737e39,2,12,10,12,10,120,120,False
2c737e39,3,9,10,9,10,90,90,False
2ccd9fef,1,24,11,8,11,264,88,True
2ccd9fef,2,21,11,7,11,231,77,True
2dc579da,1,7,7,3,3,49,9,True
2dc579da,2,5,5,2,2,25,4,True
2dc579da,3,11,11,5,5,121,25,True
2dd70a9a,1,10,10,10,10,100,100,False
2dd70a9a,2,20,20,20,20,400,400,False
2dd70a9a,3,15,15,15,15,225,225,False
2de01db2,1,3,10,3,10,30,30,False
2de01db2,2,3,10,3,10,30,30,False
2de01db2,3,3,10,3,10,30,30,False
2dee498d,1,4,12,4,4,48,16,True
2dee498d,2,3,9,3,3,27,9,True
2dee498d,3,2,6,2,2,12,4,True
2e65ae53,1,22,22,22,22,484,484,False
2e65ae53,2,22,22,22,22,484,484,False
2f0c5170,1,21,22,5,5,462,25,True
2f0c5170,2,20,23,9,9,460,81,True
2f0c5170,3,19,18,8,7,342,56,True
2f767503,1,10,10,10,10,100,100,False
2f767503,2,14,12,14,12,168,168,False
2f767503,3,10,13,10,13,130,130,False
2faf500b,1,12,12,12,12,144,144,False
2faf500b,2,8,8,8,8,64,64,False
2faf500b,3,16,16,16,16,256,256,False
305b1341,1,20,20,20,20,400,400,False
305b1341,2,20,20,20,20,400,400,False
305b1341,3,20,20,20,20,400,400,False
30f42897,1,7,10,7,10,70,70,False
30f42897,2,4,10,4,10,40,40,False
30f42897,3,7,9,7,9,63,63,False
310f3251,1,4,4,12,12,16,144,True
310f3251,2,3,3,9,9,9,81,True
310f3251,3,5,5,15,15,25,225,True
310f3251,4,4,4,12,12,16,144,True
310f3251,5,2,2,6,6,4,36,True
3194b014,1,20,20,3,3,400,9,True
3194b014,2,20,20,3,3,400,9,True
3194b014,3,20,20,3,3,400,9,True
319f2597,1,20,20,20,20,400,400,False
319f2597,2,20,20,20,20,400,400,False
319f2597,3,20,20,20,20,400,400,False
31aa019c,1,10,10,10,10,100,100,False
31aa019c,2,10,10,10,10,100,100,False
31aa019c,3,10,10,10,10,100,100,False
31adaf00,1,10,10,10,10,100,100,False
31adaf00,2,10,10,10,10,100,100,False
31adaf00,3,10,10,10,10,100,100,False
31d5ba1a,1,6,5,3,5,30,15,True
31d5ba1a,2,6,5,3,5,30,15,True
31d5ba1a,3,6,5,3,5,30,15,True
31d5ba1a,4,6,5,3,5,30,15,True
31d5ba1a,5,6,5,3,5,30,15,True
320afe60,1,22,22,22,22,484,484,False
320afe60,2,22,21,22,21,462,462,False
320afe60,3,22,19,22,19,418,418,False
321b1fc6,1,10,10,10,10,100,100,False
321b1fc6,2,10,10,10,10,100,100,False
32597951,1,17,17,17,17,289,289,False
32597951,2,17,17,17,17,289,289,False
32597951,3,17,17,17,17,289,289,False
32e9702f,1,8,8,8,8,64,64,False
32e9702f,2,3,3,3,3,9,9,False
32e9702f,3,7,7,7,7,49,49,False
33067df9,1,9,5,26,26,45,676,True
33067df9,2,5,7,26,26,35,676,True
33067df9,3,9,9,26,26,81,676,True
33067df9,4,5,3,26,26,15,676,True
332202d5,1,16,16,16,16,256,256,False
332202d5,2,16,16,16,16,256,256,False
332202d5,3,16,16,16,16,256,256,False
332efdb3,1,5,5,5,5,25,25,False
332efdb3,2,7,7,7,7,49,49,False
332efdb3,3,9,9,9,9,81,81,False
3345333e,1,16,16,16,16,256,256,False
3345333e,2,16,16,16,16,256,256,False
337b420f,1,5,17,5,5,85,25,True
337b420f,2,5,17,5,5,85,25,True
337b420f,3,5,17,5,5,85,25,True
337b420f,4,5,17,5,5,85,25,True
3391f8c0,1,9,10,9,10,90,90,False
3391f8c0,2,9,12,9,12,108,108,False
3391f8c0,3,11,10,11,10,110,110,False
3391f8c0,4,9,17,9,17,153,153,False
33b52de3,1,23,23,23,23,529,529,False
33b52de3,2,23,23,23,23,529,529,False
3428a4f5,1,13,5,6,5,65,30,True
3428a4f5,2,13,5,6,5,65,30,True
3428a4f5,3,13,5,6,5,65,30,True
3428a4f5,4,13,5,6,5,65,30,True
342ae2ed,1,16,16,16,16,256,256,False
342ae2ed,2,16,16,16,16,256,256,False
342ae2ed,3,16,16,16,16,256,256,False
342dd610,1,10,10,10,10,100,100,False
342dd610,2,10,10,10,10,100,100,False
342dd610,3,10,10,10,10,100,100,False
342dd610,4,10,10,10,10,100,100,False
3490cc26,1,16,18,16,18,288,288,False
3490cc26,2,26,28,26,28,728,728,False
3490cc26,3,26,25,26,25,650,650,False
3490cc26,4,26,18,26,18,468,468,False
34b99a2b,1,5,9,5,4,45,20,True
34b99a2b,2,5,9,5,4,45,20,True
34b99a2b,3,5,9,5,4,45,20,True
34b99a2b,4,5,9,5,4,45,20,True
34cfa167,1,24,26,24,26,624,624,False
34cfa167,2,18,22,18,22,396,396,False
351d6448,1,15,13,3,13,195,39,True
351d6448,2,15,13,3,13,195,39,True
358ba94e,1,16,19,5,5,304,25,True
358ba94e,2,15,19,5,5,285,25,True
358ba94e,3,16,19,5,5,304,25,True
358ba94e,4,14,18,5,5,252,25,True
3618c87e,1,5,5,5,5,25,25,False
3618c87e,2,5,5,5,5,25,25,False
3618c87e,3,5,5,5,5,25,25,False
363442ee,1,9,13,9,13,117,117,False
363442ee,2,9,13,9,13,117,117,False
363442ee,3,9,13,9,13,117,117,False
36d67576,1,13,13,13,13,169,169,False
36d67576,2,13,13,13,13,169,169,False
36d67576,3,13,13,13,13,169,169,False
36fdfd69,1,15,16,15,16,240,240,False
36fdfd69,2,17,18,17,18,306,306,False
36fdfd69,3,15,14,15,14,210,210,False
37ce87bb,1,6,7,6,7,42,42,False
37ce87bb,2,6,7,6,7,42,42,False
37ce87bb,3,8,11,8,11,88,88,False
37d3e8b2,1,17,17,17,17,289,289,False
37d3e8b2,2,19,17,19,17,323,323,False
37d3e8b2,3,17,16,17,16,272,272,False
3906de3d,1,10,10,10,10,100,100,False
3906de3d,2,10,10,10,10,100,100,False
3906de3d,3,10,10,10,10,100,100,False
396d80d7,1,16,16,16,16,256,256,False
396d80d7,2,16,16,16,16,256,256,False
3979b1a8,1,5,5,10,10,25,100,True
3979b1a8,2,5,5,10,10,25,100,True
39a8645d,1,14,14,3,3,196,9,True
39a8645d,2,14,14,3,3,196,9,True
39a8645d,3,14,14,3,3,196,9,True
39e1d7f9,1,27,27,27,27,729,729,False
39e1d7f9,2,24,24,24,24,576,576,False
39e1d7f9,3,27,27,27,27,729,729,False
3a301edc,1,16,17,16,17,272,272,False
3a301edc,2,13,14,13,14,182,182,False
3a301edc,3,15,14,15,14,210,210,False
3a301edc,4,12,11,12,11,132,132,False
3a301edc,5,13,19,13,19,247,247,False
3aa6fb7a,1,7,7,7,7,49,49,False
3aa6fb7a,2,7,7,7,7,49,49,False
3ac3eb23,1,6,7,6,7,42,42,False
3ac3eb23,2,6,10,6,10,60,60,False
3ad05f52,1,22,26,22,26,572,572,False
3ad05f52,2,29,24,29,24,696,696,False
3ad05f52,3,24,28,24,28,672,672,False
3af2c5a8,1,3,4,6,8,12,48,True
3af2c5a8,2,3,4,6,8,12,48,True
3af2c5a8,3,3,4,6,8,12,48,True
3b4c2228,1,7,5,3,3,35,9,True
3b4c2228,2,5,7,3,3,35,9,True
3b4c2228,3,5,5,3,3,25,9,True
3b4c2228,4,7,7,3,3,49,9,True
3b4c2228,5,7,7,3,3,49,9,True
3bd292e8,1,7,7,7,7,49,49,False
3bd292e8,2,7,7,7,7,49,49,False
3bd292e8,3,8,8,8,8,64,64,False
3bd67248,1,3,3,3,3,9,9,False
3bd67248,2,15,15,15,15,225,225,False
3bd67248,3,7,7,7,7,49,49,False
3bdb4ada,1,8,20,8,20,160,160,False
3bdb4ada,2,8,30,8,30,240,240,False
3befdf3e,1,10,10,10,10,100,100,False
3befdf3e,2,10,10,10,10,100,100,False
3befdf3e,3,10,10,10,10,100,100,False
3c9b0459,1,3,3,3,3,9,9,False
3c9b0459,2,3,3,3,3,9,9,False
3c9b0459,3,3,3,3,3,9,9,False
3c9b0459,4,3,3,3,3,9,9,False
3cd86f4f,1,4,9,4,12,36,48,True
3cd86f4f,2,6,6,6,11,36,66,True
3cd86f4f,3,7,4,7,10,28,70,True
3d31c5b3,1,12,6,3,6,72,18,True
3d31c5b3,2,12,6,3,6,72,18,True
3d31c5b3,3,12,6,3,6,72,18,True
3d31c5b3,4,12,6,3,6,72,18,True
3d31c5b3,5,12,6,3,6,72,18,True
3d31c5b3,6,12,6,3,6,72,18,True
3d588dc9,1,16,16,16,16,256,256,False
3d588dc9,2,16,16,16,16,256,256,False
3d6c6e23,1,16,13,16,13,208,208,False
3d6c6e23,2,16,11,16,11,176,176,False
3d6c6e23,3,21,9,21,9,189,189,False
3de23699,1,12,14,4,4,168,16,True
3de23699,2,12,9,3,5,108,15,True
3de23699,3,12,18,4,8,216,32,True
3de23699,4,7,7,3,3,49,9,True
3e980e27,1,13,13,13,13,169,169,False
3e980e27,2,13,13,13,13,169,169,False
3e980e27,3,13,13,13,13,169,169,False
3e980e27,4,13,13,13,13,169,169,False
3eda0437,1,2,20,2,20,40,40,False
3eda0437,2,4,20,4,20,80,80,False
3eda0437,3,4,20,4,20,80,80,False
3eda0437,4,3,30,3,30,90,90,False
3ee1011a,1,21,22,6,6,462,36,True
3ee1011a,2,23,29,5,5,667,25,True
3ee1011a,3,24,20,8,8,480,64,True
3f23242b,1,10,10,10,10,100,100,False
3f23242b,2,16,16,16,16,256,256,False
3f7978a0,1,9,11,5,7,99,35,True
3f7978a0,2,9,9,5,5,81,25,True
3f7978a0,3,11,13,6,5,143,30,True
4093f84a,1,14,14,14,14,196,196,False
4093f84a,2,14,14,14,14,196,196,False
4093f84a,3,14,14,14,14,196,196,False
40f6cd08,1,30,30,30,30,900,900,False
40f6cd08,2,27,30,27,30,810,810,False
40f6cd08,3,30,30,30,30,900,900,False
412b6263,1,9,6,15,11,54,165,True
412b6263,2,7,8,19,9,56,171,True
412b6263,3,5,5,13,7,25,91,True
414297c0,1,16,20,9,6,320,54,True
414297c0,2,18,22,12,11,396,132,True
414297c0,3,16,18,6,12,288,72,True
41ace6b5,1,11,11,11,11,121,121,False
41ace6b5,2,9,9,9,9,81,81,False
41ace6b5,3,13,13,13,13,169,169,False
41e4d17e,1,15,15,15,15,225,225,False
41e4d17e,2,15,15,15,15,225,225,False
423a55dc,1,11,13,11,13,143,143,False
423a55dc,2,10,11,10,11,110,110,False
423a55dc,3,10,13,10,13,130,130,False
423a55dc,4,7,7,7,7,49,49,False
423a55dc,5,10,11,10,11,110,110,False
4258a5f9,1,9,9,9,9,81,81,False
4258a5f9,2,9,9,9,9,81,81,False
4290ef0e,1,18,18,7,7,324,49,True
4290ef0e,2,13,17,7,7,221,49,True
4290ef0e,3,18,18,11,11,324,121,True
42918530,1,25,19,25,19,475,475,False
42918530,2,19,19,19,19,361,361,False
42918530,3,19,19,19,19,361,361,False
42918530,4,13,19,13,19,247,247,False
42a15761,1,9,15,9,15,135,135,False
42a15761,2,7,11,7,11,77,77,False
42a15761,3,9,15,9,15,135,135,False
42a50994,1,11,19,11,19,209,209,False
42a50994,2,12,18,12,18,216,216,False
42a50994,3,17,9,17,9,153,153,False
42a50994,4,16,11,16,11,176,176,False
42f14c03,1,16,16,4,4,256,16,True
42f14c03,2,16,16,3,5,256,15,True
42f14c03,3,16,16,5,6,256,30,True
42f83767,1,15,20,15,15,300,225,True
42f83767,2,15,17,20,20,255,400,True
42f83767,3,15,17,30,30,255,900,True
4347f46a,1,8,7,8,7,56,56,False
4347f46a,2,18,16,18,16,288,288,False
4347f46a,3,11,12,11,12,132,132,False
4364c1c4,1,12,12,12,12,144,144,False
4364c1c4,2,16,12,16,12,192,192,False
4364c1c4,3,12,13,12,13,156,156,False
444801d8,1,10,10,10,10,100,100,False
444801d8,2,10,10,10,10,100,100,False
444801d8,3,10,10,10,10,100,100,False
445eab21,1,10,10,2,2,100,4,True
445eab21,2,10,10,2,2,100,4,True
445eab21,3,10,10,2,2,100,4,True
447fd412,1,14,12,14,12,168,168,False
447fd412,2,14,12,14,12,168,168,False
447fd412,3,14,12,14,12,168,168,False
44d8ac46,1,12,12,12,12,144,144,False
44d8ac46,2,12,12,12,12,144,144,False
44d8ac46,3,12,12,12,12,144,144,False
44d8ac46,4,12,12,12,12,144,144,False
44f52bb0,1,3,3,1,1,9,1,True
44f52bb0,2,3,3,1,1,9,1,True
44f52bb0,3,3,3,1,1,9,1,True
44f52bb0,4,3,3,1,1,9,1,True
44f52bb0,5,3,3,1,1,9,1,True
44f52bb0,6,3,3,1,1,9,1,True
4522001f,1,3,3,9,9,9,81,True
4522001f,2,3,3,9,9,9,81,True
456873bc,1,11,11,11,11,121,121,False
456873bc,2,19,19,19,19,361,361,False
456873bc,3,11,11,11,11,121,121,False
45737921,1,7,7,7,7,49,49,False
45737921,2,13,10,13,10,130,130,False
45737921,3,12,12,12,12,144,144,False
458e3a53,1,29,29,2,2,841,4,True
458e3a53,2,29,29,3,3,841,9,True
45bbe264,1,14,14,14,14,196,196,False
45bbe264,2,16,16,16,16,256,256,False
45bbe264,3,13,13,13,13,169,169,False
4612dd53,1,11,13,11,13,143,143,False
4612dd53,2,9,13,9,13,117,117,False
4612dd53,3,13,13,13,13,169,169,False
46442a0e,1,3,3,6,6,9,36,True
46442a0e,2,2,2,4,4,4,16,True
46442a0e,3,3,3,6,6,9,36,True
465b7d93,1,10,10,10,10,100,100,False
465b7d93,2,10,10,10,10,100,100,False
465b7d93,3,10,10,10,10,100,100,False
469497ad,1,5,5,15,15,25,225,True
469497ad,2,5,5,10,10,25,100,True
469497ad,3,5,5,20,20,25,400,True
46c35fc7,1,7,7,7,7,49,49,False
46c35fc7,2,7,7,7,7,49,49,False
46c35fc7,3,7,7,7,7,49,49,False
46f33fce,1,10,10,20,20,100,400,True
46f33fce,2,10,10,20,20,100,400,True
46f33fce,3,10,10,20,20,100,400,True
470c91de,1,10,10,10,10,100,100,False
470c91de,2,10,10,10,10,100,100,False
470c91de,3,11,11,11,11,121,121,False
47c1f68c,1,9,9,8,8,81,64,True
47c1f68c,2,11,11,10,10,121,100,True
47c1f68c,3,7,7,6,6,49,36,True
48131b3c,1,2,2,4,4,4,16,True
48131b3c,2,3,3,6,6,9,36,True
48131b3c,3,4,4,8,8,16,64,True
484b58aa,1,29,29,29,29,841,841,False
484b58aa,2,29,29,29,29,841,841,False
484b58aa,3,29,29,29,29,841,841,False
4852f2fa,1,9,9,3,3,81,9,True
4852f2fa,2,9,9,3,9,81,27,True
4852f2fa,3,9,9,3,12,81,36,True
4852f2fa,4,9,9,3,9,81,27,True
4852f2fa,5,9,9,3,6,81,18,True
48634b99,1,16,16,16,16,256,256,False
48634b99,2,16,16,16,16,256,256,False
48634b99,3,16,16,16,16,256,256,False
48d8fb45,1,10,10,3,3,100,9,True
48d8fb45,2,10,10,3,3,100,9,True
48d8fb45,3,10,10,3,3,100,9,True
48f8583b,1,3,3,9,9,9,81,True
48f8583b,2,3,3,9,9,9,81,True
48f8583b,3,3,3,9,9,9,81,True
48f8583b,4,3,3,9,9,9,81,True
48f8583b,5,3,3,9,9,9,81,True
48f8583b,6,3,3,9,9,9,81,True
4938f0c2,1,10,10,10,10,100,100,False
4938f0c2,2,20,30,20,30,600,600,False
4938f0c2,3,12,14,12,14,168,168,False
494ef9d7,1,10,10,10,10,100,100,False
494ef9d7,2,3,5,3,5,15,15,False
494ef9d7,3,4,7,4,7,28,28,False
494ef9d7,4,7,8,7,8,56,56,False
496994bd,1,10,5,10,5,50,50,False
496994bd,2,10,3,10,3,30,30,False
49d1d64f,1,2,3,4,5,6,20,True
49d1d64f,2,2,2,4,4,4,16,True
49d1d64f,3,3,3,5,5,9,25,True
4a1cacc2,1,6,8,6,8,48,48,False
4a1cacc2,2,6,6,6,6,36,36,False
4a1cacc2,3,10,8,10,8,80,80,False
4a1cacc2,4,4,4,4,4,16,16,False
4acc7107,1,10,10,10,10,100,100,False
4acc7107,2,10,10,10,10,100,100,False
4acc7107,3,10,10,10,10,100,100,False
4acc7107,4,10,10,10,10,100,100,False
4b6b68e5,1,19,18,19,18,342,342,False
4b6b68e5,2,21,21,21,21,441,441,False
4b6b68e5,3,16,14,16,14,224,224,False
4be741c5,1,9,7,3,1,63,3,True
4be741c5,2,14,16,1,3,224,3,True
4be741c5,3,11,9,4,1,99,4,True
4c177718,1,15,15,9,15,225,135,True
4c177718,2,15,15,9,15,225,135,True
4c177718,3,15,15,9,15,225,135,True
4c177718,4,15,15,9,15,225,135,True
4c4377d9,1,3,4,6,4,12,24,True
4c4377d9,2,3,4,6,4,12,24,True
4c4377d9,3,3,4,6,4,12,24,True
4c4377d9,4,3,4,6,4,12,24,True
4c5c2cf0,1,14,14,14,14,196,196,False
4c5c2cf0,2,14,14,14,14,196,196,False
4c5c2cf0,3,12,12,12,12,144,144,False
4cd1b7b2,1,4,4,4,4,16,16,False
4cd1b7b2,2,4,4,4,4,16,16,False
4cd1b7b2,3,4,4,4,4,16,16,False
4df5b0ae,1,10,10,10,10,100,100,False
4df5b0ae,2,10,10,10,10,100,100,False
4df5b0ae,3,10,10,10,10,100,100,False
4e45f183,1,19,19,19,19,361,361,False
4e45f183,2,19,19,19,19,361,361,False
4e45f183,3,19,19,19,19,361,361,False
4e469f39,1,10,10,10,10,100,100,False
4e469f39,2,10,10,10,10,100,100,False
4e469f39,3,10,10,10,10,100,100,False
4e7e0eb9,1,9,9,9,9,81,81,False
4e7e0eb9,2,19,9,19,9,171,171,False
4e7e0eb9,3,9,9,9,9,81,81,False
4e7e0eb9,4,19,19,19,19,361,361,False
4f537728,1,20,20,20,20,400,400,False
4f537728,2,20,20,20,20,400,400,False
4ff4c9da,1,23,23,23,23,529,529,False
4ff4c9da,2,21,21,21,21,441,441,False
4ff4c9da,3,17,17,17,17,289,289,False
5034a0b5,1,12,12,12,12,144,144,False
5034a0b5,2,8,8,8,8,64,64,False
5034a0b5,3,13,13,13,13,169,169,False
5034a0b5,4,10,10,10,10,100,100,False
505fff84,1,6,12,3,4,72,12,True
505fff84,2,4,11,1,7,44,7,True
505fff84,3,5,10,2,3,50,6,True
505fff84,4,8,12,3,6,96,18,True
505fff84,5,14,11,5,5,154,25,True
506d28a5,1,9,5,4,5,45,20,True
506d28a5,2,9,5,4,5,45,20,True
506d28a5,3,9,5,4,5,45,20,True
506d28a5,4,9,5,4,5,45,20,True
50846271,1,18,19,18,19,342,342,False
50846271,2,20,20,20,20,400,400,False
50846271,3,11,12,11,12,132,132,False
50846271,4,20,22,20,22,440,440,False
508bd3b6,1,12,12,12,12,144,144,False
508bd3b6,2,12,12,12,12,144,144,False
508bd3b6,3,12,12,12,12,144,144,False
50a16a69,1,20,20,20,20,400,400,False
50a16a69,2,8,8,8,8,64,64,False
50a16a69,3,9,9,9,9,81,81,False
50aad11f,1,12,14,4,8,168,32,True
50aad11f,2,12,9,8,4,108,32,True
50aad11f,3,12,18,4,12,216,48,True
50c07299,1,16,16,16,16,256,256,False
50c07299,2,16,16,16,16,256,256,False
50c07299,3,16,16,16,16,256,256,False
50cb2852,1,12,11,12,11,132,132,False
50cb2852,2,13,15,13,15,195,195,False
50cb2852,3,12,13,12,13,156,156,False
50f325b5,1,15,18,15,18,270,270,False
50f325b5,2,14,17,14,17,238,238,False
50f325b5,3,18,17,18,17,306,306,False
50f325b5,4,11,18,11,18,198,198,False
5117e062,1,13,13,3,3,169,9,True
5117e062,2,13,13,3,3,169,9,True
5117e062,3,13,13,3,3,169,9,True
5168d44c,1,13,7,13,7,91,91,False
5168d44c,2,7,13,7,13,91,91,False
5168d44c,3,7,7,7,7,49,49,False
516b51b7,1,12,13,12,13,156,156,False
516b51b7,2,12,11,12,11,132,132,False
516b51b7,3,15,14,15,14,210,210,False
5207a7b5,1,11,8,11,8,88,88,False
5207a7b5,2,14,7,14,7,98,98,False
5207a7b5,3,14,8,14,8,112,112,False
522fdd07,1,16,16,16,16,256,256,False
522fdd07,2,16,16,16,16,256,256,False
522fdd07,3,16,16,16,16,256,256,False
522fdd07,4,16,16,16,16,256,256,False
52364a65,1,11,11,11,11,121,121,False
52364a65,2,9,9,9,9,81,81,False
5289ad53,1,10,14,2,3,140,6,True
5289ad53,2,10,10,2,3,100,6,True
5289ad53,3,13,15,2,3,195,6,True
5289ad53,4,10,19,2,3,190,6,True
52df9849,1,16,16,16,16,256,256,False
52df9849,2,16,16,16,16,256,256,False
52fd389e,1,25,25,25,25,625,625,False
52fd389e,2,25,25,25,25,625,625,False
52fd389e,3,25,25,25,25,625,625,False
538b439f,1,20,20,20,20,400,400,False
538b439f,2,21,18,21,18,378,378,False
539a4f51,1,5,5,10,10,25,100,True
539a4f51,2,5,5,10,10,25,100,True
539a4f51,3,5,5,10,10,25,100,True
53b68214,1,8,10,10,10,80,100,True
53b68214,2,5,10,10,10,50,100,True
53b68214,3,6,10,10,10,60,100,True
543a7ed5,1,15,15,15,15,225,225,False
543a7ed5,2,15,15,15,15,225,225,False
54d82841,1,5,5,5,5,25,25,False
54d82841,2,8,8,8,8,64,64,False
54d82841,3,5,7,5,7,35,35,False
54d9e175,1,3,11,3,11,33,33,False
54d9e175,2,3,11,3,11,33,33,False
54d9e175,3,7,11,7,11,77,77,False
54d9e175,4,3,11,3,11,33,33,False
54db823b,1,15,15,15,15,225,225,False
54db823b,2,15,15,15,15,225,225,False
54db823b,3,15,15,15,15,225,225,False
54db823b,4,15,15,15,15,225,225,False
54dc2872,1,12,13,12,13,156,156,False
54dc2872,2,12,12,12,12,144,144,False
55059096,1,14,16,14,16,224,224,False
55059096,2,14,10,14,10,140,140,False
55059096,3,12,13,12,13,156,156,False
551d5bf1,1,24,25,24,25,600,600,False
551d5bf1,2,24,28,24,28,672,672,False
5521c0d9,1,15,15,15,15,225,225,False
5521c0d9,2,15,15,15,15,225,225,False
5521c0d9,3,15,15,15,15,225,225,False
5582e5ca,1,3,3,3,3,9,9,False
5582e5ca,2,3,3,3,3,9,9,False
5582e5ca,3,3,3,3,3,9,9,False
5587a8d0,1,6,6,3,3,36,9,True
5587a8d0,2,9,9,5,5,81,25,True
5587a8d0,3,7,7,7,7,49,49,False
5614dbcf,1,9,9,3,3,81,9,True
5614dbcf,2,9,9,3,3,81,9,True
5623160b,1,10,10,10,10,100,100,False
5623160b,2,9,9,9,9,81,81,False
5623160b,3,12,12,12,12,144,144,False
56dc2b01,1,17,5,17,5,85,85,False
56dc2b01,2,4,16,4,16,64,64,False
56dc2b01,3,17,5,17,5,85,85,False
56ff96f3,1,10,10,10,10,100,100,False
56ff96f3,2,7,8,7,8,56,56,False
56ff96f3,3,6,11,6,11,66,66,False
56ff96f3,4,10,10,10,10,100,100,False
5751f35e,1,10,10,10,10,100,100,False
5751f35e,2,10,10,10,10,100,100,False
575b1a71,1,10,10,10,10,100,100,False
575b1a71,2,10,10,10,10,100,100,False
575b1a71,3,10,10,10,10,100,100,False
5783df64,1,9,9,3,3,81,9,True
5783df64,2,6,6,3,3,36,9,True
5783df64,3,6,6,3,3,36,9,True
5792cb4d,1,10,10,10,10,100,100,False
5792cb4d,2,10,10,10,10,100,100,False
57aa92db,1,17,18,17,18,306,306,False
57aa92db,2,16,18,16,18,288,288,False
57aa92db,3,15,18,15,18,270,270,False
57aa92db,4,16,12,16,12,192,192,False
57edb29d,1,20,24,5,7,480,35,True
57edb29d,2,22,20,20,12,440,240,True
57edb29d,3,20,20,10,6,400,60,True
5833af48,1,16,18,9,15,288,135,True
5833af48,2,17,18,8,16,306,128,True
5833af48,3,15,15,6,9,225,54,True
58743b76,1,12,12,12,12,144,144,False
58743b76,2,10,10,10,10,100,100,False
58c02a16,1,7,7,7,7,49,49,False
58c02a16,2,9,9,9,9,81,81,False
58c02a16,3,12,8,12,8,96,96,False
58e15b12,1,22,18,22,18,396,396,False
58e15b12,2,23,17,23,17,391,391,False
58e15b12,3,24,19,24,19,456,456,False
59341089,1,3,3,3,12,9,36,True
59341089,2,3,3,3,12,9,36,True
59341089,3,3,3,3,12,9,36,True
59341089,4,3,3,3,12,9,36,True
5a5a2103,1,19,19,19,19,361,361,False
5a5a2103,2,14,14,14,14,196,196,False
5a719d11,1,25,17,25,17,425,425,False
5a719d11,2,25,17,25,17,425,425,False
5a719d11,3,18,17,18,17,306,306,False
5ad4f10b,1,22,23,3,3,506,9,True
5ad4f10b,2,20,24,3,3,480,9,True
5ad4f10b,3,24,23,3,3,552,9,True
5ad8a7c0,1,4,6,4,6,24,24,False
5ad8a7c0,2,4,6,4,6,24,24,False
5ad8a7c0,3,4,6,4,6,24,24,False
5ad8a7c0,4,4,6,4,6,24,24,False
5ad8a7c0,5,4,6,4,6,24,24,False
5adee1b2,1,20,20,20,20,400,400,False
5adee1b2,2,20,20,20,20,400,400,False
5af49b42,1,13,15,13,15,195,195,False
5af49b42,2,12,14,12,14,168,168,False
5af49b42,3,13,13,13,13,169,169,False
5b37cb25,1,30,30,30,30,900,900,False
5b37cb25,2,30,30,30,30,900,900,False
5b526a93,1,22,16,22,16,352,352,False
5b526a93,2,19,17,19,17,323,323,False
5b692c0f,1,14,14,14,14,196,196,False
5b692c0f,2,17,19,17,19,323,323,False
5b6cbef5,1,4,4,16,16,16,256,True
5b6cbef5,2,4,4,16,16,16,256,True
5b6cbef5,3,4,4,16,16,16,256,True
5b6cbef5,4,4,4,16,16,16,256,True
5b6cbef5,5,4,4,16,16,16,256,True
5bd6f4ac,1,9,9,3,3,81,9,True
5bd6f4ac,2,9,9,3,3,81,9,True
5bd6f4ac,3,9,9,3,3,81,9,True
5bd6f4ac,4,9,9,3,3,81,9,True
5c0a986e,1,10,10,10,10,100,100,False
5c0a986e,2,10,10,10,10,100,100,False
5c0a986e,3,10,10,10,10,100,100,False
5c2c9af4,1,23,23,23,23,529,529,False
5c2c9af4,2,23,23,23,23,529,529,False
5c2c9af4,3,23,23,23,23,529,529,False
5d2a5c43,1,6,9,6,4,54,24,True
5d2a5c43,2,6,9,6,4,54,24,True
5d2a5c43,3,6,9,6,4,54,24,True
5d2a5c43,4,6,9,6,4,54,24,True
5d2a5c43,5,6,9,6,4,54,24,True
5d588b4d,1,8,11,5,11,88,55,True
5d588b4d,2,7,23,1,23,161,23,True
5d588b4d,3,8,5,3,5,40,15,True
5d588b4d,4,7,23,1,23,161,23,True
5daaa586,1,12,12,8,8,144,64,True
5daaa586,2,22,22,15,12,484,180,True
5daaa586,3,14,15,6,9,210,54,True
5e6bbc0b,1,5,6,5,6,30,30,False
5e6bbc0b,2,7,7,7,7,49,49,False
5e6bbc0b,3,4,8,4,8,32,32,False
5e6bbc0b,4,3,3,3,3,9,9,False
5ecac7f7,1,5,17,5,5,85,25,True
5ecac7f7,2,5,17,5,5,85,25,True
5ecac7f7,3,5,17,5,5,85,25,True
5ffb2104,1,6,6,6,6,36,36,False
5ffb2104,2,10,13,10,13,130,130,False
5ffb2104,3,6,6,6,6,36,36,False
60a26a3e,1,14,16,14,16,224,224,False
60a26a3e,2,10,15,10,15,150,150,False
60a26a3e,3,12,15,12,15,180,180,False
60b61512,1,9,9,9,9,81,81,False
60b61512,2,9,9,9,9,81,81,False
60c09cac,1,4,4,8,8,16,64,True
60c09cac,2,3,3,6,6,9,36,True
60d73be6,1,10,15,10,15,150,150,False
60d73be6,2,11,11,11,11,121,121,False
60d73be6,3,8,8,8,8,64,64,False
6150a2bd,1,3,3,3,3,9,9,False
6150a2bd,2,3,3,3,3,9,9,False
6165ea8f,1,20,20,17,17,400,289,True
6165ea8f,2,20,20,14,14,400,196,True
6165ea8f,3,20,20,14,14,400,196,True
623ea044,1,15,15,15,15,225,225,False
623ea044,2,15,15,15,15,225,225,False
623ea044,3,7,7,7,7,49,49,False
626c0bcc,1,7,7,7,7,49,49,False
626c0bcc,2,7,7,7,7,49,49,False
626c0bcc,3,7,7,7,7,49,49,False
62ab2642,1,10,9,10,9,90,90,False
62ab2642,2,15,5,15,5,75,75,False
62ab2642,3,10,12,10,12,120,120,False
62b74c02,1,4,12,4,12,48,48,False
62b74c02,2,3,10,3,10,30,30,False
62b74c02,3,3,14,3,14,42,42,False
62c24649,1,3,3,6,6,9,36,True
62c24649,2,3,3,6,6,9,36,True
62c24649,3,3,3,6,6,9,36,True
6350f1f4,1,5,5,5,5,25,25,False
6350f1f4,2,5,5,5,5,25,25,False
6350f1f4,3,11,11,11,11,121,121,False
6350f1f4,4,11,11,11,11,121,121,False
63613498,1,10,10,10,10,100,100,False
63613498,2,10,10,10,10,100,100,False
63613498,3,10,10,10,10,100,100,False
639f5a19,1,23,23,23,23,529,529,False
639f5a19,2,23,23,23,23,529,529,False
642248e4,1,14,10,14,10,140,140,False
642248e4,2,12,13,12,13,156,156,False
642248e4,3,12,10,12,10,120,120,False
642d658d,1,22,22,1,1,484,1,True
642d658d,2,26,24,1,1,624,1,True
642d658d,3,20,22,1,1,440,1,True
6430c8c4,1,9,4,4,4,36,16,True
6430c8c4,2,9,4,4,4,36,16,True
6430c8c4,3,9,4,4,4,36,16,True
6430c8c4,4,9,4,4,4,36,16,True
6455b5f5,1,11,16,11,16,176,176,False
6455b5f5,2,11,13,11,13,143,143,False
6455b5f5,3,15,16,15,16,240,240,False
6455b5f5,4,18,13,18,13,234,234,False
64a7c07e,1,5,5,5,5,25,25,False
64a7c07e,2,10,10,10,10,100,100,False
64a7c07e,3,12,12,12,12,144,144,False
652646ff,1,20,20,18,6,400,108,True
652646ff,2,10,10,18,6,100,108,True
652646ff,3,13,13,18,6,169,108,True
652646ff,4,10,10,12,6,100,72,True
662c240a,1,9,3,3,3,27,9,True
662c240a,2,9,3,3,3,27,9,True
662c240a,3,9,3,3,3,27,9,True
662c240a,4,9,3,3,3,27,9,True
668eec9a,1,16,16,5,3,256,15,True
668eec9a,2,16,16,5,3,256,15,True
668eec9a,3,16,16,5,3,256,15,True
66ac4c3b,1,22,22,22,22,484,484,False
66ac4c3b,2,22,22,22,22,484,484,False
66e6c45b,1,4,4,4,4,16,16,False
66e6c45b,2,4,4,4,4,16,16,False
66f2d22f,1,4,14,4,7,56,28,True
66f2d22f,2,4,14,4,7,56,28,True
66f2d22f,3,4,14,4,7,56,28,True
66f2d22f,4,4,14,4,7,56,28,True
67385a82,1,4,4,4,4,16,16,False
67385a82,2,4,6,4,6,24,24,False
67385a82,3,5,6,5,6,30,30,False
67385a82,4,3,3,3,3,9,9,False
673ef223,1,20,10,20,10,200,200,False
673ef223,2,19,8,19,8,152,152,False
673ef223,3,20,10,20,10,200,200,False
67636eac,1,16,10,9,3,160,27,True
67636eac,2,13,17,3,9,221,27,True
67636eac,3,12,10,6,3,120,18,True
6773b310,1,11,11,3,3,121,9,True
6773b310,2,11,11,3,3,121,9,True
6773b310,3,11,11,3,3,121,9,True
6773b310,4,11,11,3,3,121,9,True
67a3c6ac,1,7,7,7,7,49,49,False
67a3c6ac,2,4,4,4,4,16,16,False
67a3c6ac,3,6,6,6,6,36,36,False
67a423a3,1,8,8,8,8,64,64,False
67a423a3,2,4,4,4,4,16,16,False
67a423a3,3,6,6,6,6,36,36,False
67c52801,1,4,5,4,5,20,20,False
67c52801,2,8,8,8,8,64,64,False
67c52801,3,9,12,9,12,108,108,False
67c52801,4,7,6,7,6,42,42,False
67e8384a,1,3,3,6,6,9,36,True
67e8384a,2,3,3,6,6,9,36,True
67e8384a,3,3,3,6,6,9,36,True
67e8384a,4,3,3,6,6,9,36,True
681b3aeb,1,10,10,3,3,100,9,True
681b3aeb,2,10,10,3,3,100,9,True
681b3aeb,3,10,10,3,3,100,9,True
6855a6e4,1,15,15,15,15,225,225,False
6855a6e4,2,15,15,15,15,225,225,False
6855a6e4,3,15,15,15,15,225,225,False
689c358e,1,11,11,11,11,121,121,False
689c358e,2,11,11,11,11,121,121,False
68b16354,1,5,5,5,5,25,25,False
68b16354,2,5,5,5,5,25,25,False
68b16354,3,7,7,7,7,49,49,False
68b67ca3,1,6,6,3,3,36,9,True
68b67ca3,2,6,6,3,3,36,9,True
68b67ca3,3,6,6,3,3,36,9,True
68bc2e87,1,18,19,5,1,342,5,True
68bc2e87,2,18,19,5,1,342,5,True
68bc2e87,3,18,19,4,1,342,4,True
68bc2e87,4,18,19,4,1,342,4,True
692cd3b6,1,15,15,15,15,225,225,False
692cd3b6,2,15,15,15,15,225,225,False
692cd3b6,3,15,15,15,15,225,225,False
694f12f3,1,10,10,10,10,100,100,False
694f12f3,2,10,10,10,10,100,100,False
695367ec,1,2,2,15,15,4,225,True
695367ec,2,3,3,15,15,9,225,True
695367ec,3,4,4,15,15,16,225,True
696d4842,1,20,20,20,20,400,400,False
696d4842,2,30,30,30,30,900,900,False
696d4842,3,20,20,20,20,400,400,False
69889d6e,1,10,10,10,10,100,100,False
69889d6e,2,10,10,10,10,100,100,False
69889d6e,3,10,10,10,10,100,100,False
69889d6e,4,10,10,10,10,100,100,False
6a11f6da,1,15,5,5,5,75,25,True
6a11f6da,2,15,5,5,5,75,25,True
6a11f6da,3,15,5,5,5,75,25,True
6a11f6da,4,15,5,5,5,75,25,True
6a11f6da,5,15,5,5,5,75,25,True
6a1e5592,1,10,15,10,15,150,150,False
6a1e5592,2,10,15,10,15,150,150,False
6a980be1,1,18,19,18,19,342,342,False
6a980be1,2,14,18,14,18,252,252,False
6a980be1,3,19,15,19,15,285,285,False
6aa20dc0,1,20,21,20,21,420,420,False
6aa20dc0,2,20,19,20,19,380,380,False
6aa20dc0,3,21,22,21,22,462,462,False
6ad5bdfd,1,5,11,5,11,55,55,False
6ad5bdfd,2,10,6,10,6,60,60,False
6ad5bdfd,3,5,10,5,10,50,50,False
6b9890af,1,19,22,5,5,418,25,True
6b9890af,2,18,21,8,8,378,64,True
6b9890af,3,21,24,11,11,504,121,True
6bcdb01e,1,7,7,7,7,49,49,False
6bcdb01e,2,5,5,5,5,25,25,False
6c434453,1,10,10,10,10,100,100,False
6c434453,2,10,10,10,10,100,100,False
6ca952ad,1,7,7,7,7,49,49,False
6ca952ad,2,15,15,15,15,225,225,False
6ca952ad,3,16,16,16,16,256,256,False
6cbe9eb8,1,14,22,12,11,308,132,True
6cbe9eb8,2,13,23,9,12,299,108,True
6cbe9eb8,3,16,23,8,8,368,64,True
6cdd2623,1,13,20,13,20,260,260,False
6cdd2623,2,11,22,11,22,242,242,False
6cdd2623,3,15,17,15,17,255,255,False
6cf79266,1,20,20,20,20,400,400,False
6cf79266,2,20,20,20,20,400,400,False
6cf79266,3,20,20,20,20,400,400,False
6d0160f0,1,11,11,11,11,121,121,False
6d0160f0,2,11,11,11,11,121,121,False
6d0160f0,3,11,11,11,11,121,121,False
6d0160f0,4,11,11,11,11,121,121,False
6d0aefbc,1,3,3,3,6,9,18,True
6d0aefbc,2,3,3,3,6,9,18,True
6d0aefbc,3,3,3,3,6,9,18,True
6d0aefbc,4,3,3,3,6,9,18,True
6d1d5c90,1,6,7,6,6,42,36,True
6d1d5c90,2,6,7,6,6,42,36,True
6d1d5c90,3,6,7,6,6,42,36,True
6d58a25d,1,20,20,20,20,400,400,False
6d58a25d,2,20,20,20,20,400,400,False
6d58a25d,3,20,20,20,20,400,400,False
6d75e8bb,1,7,8,7,8,56,56,False
6d75e8bb,2,14,10,14,10,140,140,False
6d75e8bb,3,9,8,9,8,72,72,False
6df30ad6,1,10,10,10,10,100,100,False
6df30ad6,2,10,10,10,10,100,100,False
6df30ad6,3,10,10,10,10,100,100,False
6df30ad6,4,10,10,10,10,100,100,False
6df30ad6,5,10,10,10,10,100,100,False
6e02f1e3,1,3,3,3,3,9,9,False
6e02f1e3,2,3,3,3,3,9,9,False
6e02f1e3,3,3,3,3,3,9,9,False
6e02f1e3,4,3,3,3,3,9,9,False
6e02f1e3,5,3,3,3,3,9,9,False
6e19193c,1,10,10,10,10,100,100,False
6e19193c,2,10,10,10,10,100,100,False
6e82a1ae,1,10,10,10,10,100,100,False
6e82a1ae,2,10,10,10,10,100,100,False
6e82a1ae,3,10,10,10,10,100,100,False
6ea4a07e,1,3,3,3,3,9,9,False
6ea4a07e,2,3,3,3,3,9,9,False
6ea4a07e,3,3,3,3,3,9,9,False
6ea4a07e,4,3,3,3,3,9,9,False
6ea4a07e,5,3,3,3,3,9,9,False
6ea4a07e,6,3,3,3,3,9,9,False
6ecd11f4,1,27,25,3,3,675,9,True
6ecd11f4,2,27,21,3,3,567,9,True
6ecd11f4,3,22,22,4,4,484,16,True
6f473927,1,3,3,3,6,9,18,True
6f473927,2,8,6,8,12,48,96,True
6f473927,3,3,3,3,6,9,18,True
6f473927,4,10,5,10,10,50,100,True
6f8cd79b,1,5,4,5,4,20,20,False
6f8cd79b,2,4,3,4,3,12,12,False
6f8cd79b,3,5,6,5,6,30,30,False
6f8cd79b,4,3,3,3,3,9,9,False
6fa7a44f,1,3,3,6,3,9,18,True
6fa7a44f,2,3,3,6,3,9,18,True
6fa7a44f,3,3,3,6,3,9,18,True
6fa7a44f,4,3,3,6,3,9,18,True
6ffe8f07,1,19,19,19,19,361,361,False
6ffe8f07,2,19,19,19,19,361,361,False
6ffe8f07,3,19,19,19,19,361,361,False
6ffe8f07,4,19,18,19,18,342,342,False
7039b2d7,1,27,27,5,5,729,25,True
7039b2d7,2,21,21,3,4,441,12,True
7039b2d7,3,10,10,2,3,100,6,True
705a3229,1,12,10,12,10,120,120,False
705a3229,2,14,15,14,15,210,210,False
705a3229,3,11,8,11,8,88,88,False
705a3229,4,12,12,12,12,144,144,False
712bf12e,1,13,14,13,14,182,182,False
712bf12e,2,12,13,12,13,156,156,False
712bf12e,3,13,15,13,15,195,195,False
72207abc,1,3,19,3,19,57,57,False
72207abc,2,3,29,3,29,87,87,False
72207abc,3,3,19,3,19,57,57,False
72322fa7,1,13,12,13,12,156,156,False
72322fa7,2,13,22,13,22,286,286,False
72322fa7,3,14,19,14,19,266,266,False
72a961c9,1,9,6,9,6,54,54,False
72a961c9,2,10,7,10,7,70,70,False
72a961c9,3,9,9,9,9,81,81,False
72a961c9,4,13,10,13,10,130,130,False
72ca375d,1,10,10,2,2,100,4,True
72ca375d,2,10,10,2,4,100,8,True
72ca375d,3,10,10,2,4,100,8,True
73182012,1,12,12,4,4,144,16,True
73182012,2,12,12,4,4,144,16,True
73182012,3,12,12,4,4,144,16,True
73c3b0d8,1,12,8,12,8,96,96,False
73c3b0d8,2,10,6,10,6,60,60,False
73c3b0d8,3,6,3,6,3,18,18,False
73c3b0d8,4,7,5,7,5,35,35,False
73ccf9c2,1,21,21,4,5,441,20,True
73ccf9c2,2,23,23,4,4,529,16,True
73ccf9c2,3,20,20,5,7,400,35,True
7447852a,1,3,15,3,15,45,45,False
7447852a,2,3,10,3,10,30,30,False
7447852a,3,3,18,3,18,54,54,False
7468f01a,1,12,16,5,5,192,25,True
7468f01a,2,10,15,4,8,150,32,True
7468f01a,3,15,17,4,6,255,24,True
746b3537,1,4,2,3,1,8,3,True
746b3537,2,3,3,1,3,9,3,True
746b3537,3,3,5,1,4,15,4,True
746b3537,4,6,4,4,1,24,4,True
746b3537,5,3,3,3,1,9,3,True
74dd1130,1,3,3,3,3,9,9,False
74dd1130,2,3,3,3,3,9,9,False
74dd1130,3,3,3,3,3,9,9,False
74dd1130,4,3,3,3,3,9,9,False
753ea09b,1,30,30,30,30,900,900,False
753ea09b,2,30,30,30,30,900,900,False
753ea09b,3,30,30,30,30,900,900,False
758abdf0,1,16,8,16,8,128,128,False
758abdf0,2,8,16,8,16,128,128,False
759f3fd3,1,10,10,10,10,100,100,False
759f3fd3,2,20,20,20,20,400,400,False
75b8110e,1,8,8,4,4,64,16,True
75b8110e,2,8,8,4,4,64,16,True
75b8110e,3,8,8,4,4,64,16,True
75b8110e,4,8,8,4,4,64,16,True
75b8110e,5,8,8,4,4,64,16,True
760b3cac,1,6,9,6,9,54,54,False
760b3cac,2,6,9,6,9,54,54,False
760b3cac,3,6,9,6,9,54,54,False
762cd429,1,10,14,10,14,140,140,False
762cd429,2,10,14,10,14,140,140,False
762cd429,3,16,30,16,30,480,480,False
770cc55f,1,13,5,13,5,65,65,False
770cc55f,2,13,5,13,5,65,65,False
770cc55f,3,13,6,13,6,78,78,False
770cc55f,4,9,4,9,4,36,36,False
776ffc46,1,20,20,20,20,400,400,False
776ffc46,2,20,20,20,20,400,400,False
776ffc46,3,20,20,20,20,400,400,False
776ffc46,4,20,20,20,20,400,400,False
77fdfe62,1,6,6,2,2,36,4,True
77fdfe62,2,8,8,4,4,64,16,True
77fdfe62,3,8,8,4,4,64,16,True
780d0b14,1,18,22,2,3,396,6,True
780d0b14,2,20,20,2,2,400,4,True
780d0b14,3,23,17,3,2,391,6,True
782b5218,1,10,10,10,10,100,100,False
782b5218,2,10,10,10,10,100,100,False
782b5218,3,10,10,10,10,100,100,False
7837ac64,1,29,29,3,3,841,9,True
7837ac64,2,27,27,3,3,729,9,True
7837ac64,3,27,27,3,3,729,9,True
7837ac64,4,29,29,3,3,841,9,True
78e78cff,1,11,11,11,11,121,121,False
78e78cff,2,11,12,11,12,132,132,False
79369cc6,1,18,16,18,16,288,288,False
79369cc6,2,19,12,19,12,228,228,False
79369cc6,3,17,17,17,17,289,289,False
794b24be,1,3,3,3,3,9,9,False
794b24be,2,3,3,3,3,9,9,False
794b24be,3,3,3,3,3,9,9,False
794b24be,4,3,3,3,3,9,9,False
794b24be,5,3,3,3,3,9,9,False
794b24be,6,3,3,3,3,9,9,False
794b24be,7,3,3,3,3,9,9,False
794b24be,8,3,3,3,3,9,9,False
794b24be,9,3,3,3,3,9,9,False
794b24be,10,3,3,3,3,9,9,False
7953d61e,1,4,4,8,8,16,64,True
7953d61e,2,4,4,8,8,16,64,True
7953d61e,3,4,4,8,8,16,64,True
7953d61e,4,4,4,8,8,16,64,True
7953d61e,5,4,4,8,8,16,64,True
79cce52d,1,7,7,6,6,49,36,True
79cce52d,2,7,7,6,6,49,36,True
79cce52d,3,7,7,6,6,49,36,True
7acdf6d3,1,16,16,16,16,256,256,False
7acdf6d3,2,13,13,13,13,169,169,False
7b6016b9,1,22,25,22,25,550,550,False
7b6016b9,2,23,23,23,23,529,529,False
7b6016b9,3,24,21,24,21,504,504,False
7b7f7511,1,3,6,3,3,18,9,True
7b7f7511,2,4,8,4,4,32,16,True
7b7f7511,3,6,2,3,2,12,6,True
7bb29440,1,12,11,4,6,132,24,True
7bb29440,2,22,20,3,5,440,15,True
7bb29440,3,22,21,4,5,462,20,True
7bb29440,4,22,15,7,5,330,35,True
7bb29440,5,21,18,5,5,378,25,True
7c008303,1,9,9,6,6,81,36,True
7c008303,2,9,9,6,6,81,36,True
7c008303,3,9,9,6,6,81,36,True
7c8af763,1,10,10,10,10,100,100,False
7c8af763,2,10,10,10,10,100,100,False
7c8af763,3,10,10,10,10,100,100,False
7c9b52a0,1,16,16,3,4,256,12,True
7c9b52a0,2,16,16,4,4,256,16,True
7c9b52a0,3,16,16,4,5,256,20,True
7d18a6fb,1,17,17,7,7,289,49,True
7d18a6fb,2,17,13,7,7,221,49,True
7d18a6fb,3,18,17,7,7,306,49,True
7d1f7ee8,1,22,28,22,28,616,616,False
7d1f7ee8,2,23,27,23,27,621,621,False
7d1f7ee8,3,12,18,12,18,216,216,False
7d419a02,1,16,14,16,14,224,224,False
7d419a02,2,12,19,12,19,228,228,False
7d419a02,3,16,22,16,22,352,352,False
7d7772cc,1,16,16,16,16,256,256,False
7d7772cc,2,16,16,16,16,256,256,False
7ddcd7ec,1,10,10,10,10,100,100,False
7ddcd7ec,2,10,10,10,10,100,100,False
7ddcd7ec,3,10,10,10,10,100,100,False
7df24a62,1,23,23,23,23,529,529,False
7df24a62,2,23,23,23,23,529,529,False
7df24a62,3,23,23,23,23,529,529,False
7df24a62,4,23,23,23,23,529,529,False
7e02026e,1,12,12,12,12,144,144,False
7e02026e,2,12,12,12,12,144,144,False
7e02026e,3,12,12,12,12,144,144,False
7e0986d6,1,13,16,13,16,208,208,False
7e0986d6,2,13,14,13,14,182,182,False
7e2bad24,1,16,16,16,16,256,256,False
7e2bad24,2,16,16,16,16,256,256,False
7e2bad24,3,16,16,16,16,256,256,False
7e4d4f7c,1,6,8,3,8,48,24,True
7e4d4f7c,2,10,10,3,10,100,30,True
7e4d4f7c,3,12,13,3,13,156,39,True
7e4d4f7c,4,8,11,3,11,88,33,True
7e576d6e,1,30,30,30,30,900,900,False
7e576d6e,2,30,30,30,30,900,900,False
7e576d6e,3,30,30,30,30,900,900,False
7ec998c9,1,8,8,8,8,64,64,False
7ec998c9,2,5,5,5,5,25,25,False
7ec998c9,3,7,7,7,7,49,49,False
7ee1c6ea,1,10,10,10,10,100,100,False
7ee1c6ea,2,10,10,10,10,100,100,False
7ee1c6ea,3,10,10,10,10,100,100,False
7f4411dc,1,17,17,17,17,289,289,False
7f4411dc,2,13,13,13,13,169,169,False
7f4411dc,3,7,7,7,7,49,49,False
7fe24cdd,1,3,3,6,6,9,36,True
7fe24cdd,2,3,3,6,6,9,36,True
7fe24cdd,3,3,3,6,6,9,36,True
80214e03,1,20,14,3,3,280,9,True
80214e03,2,22,11,2,2,242,4,True
80214e03,3,18,19,2,3,342,6,True
80af3007,1,16,18,9,9,288,81,True
80af3007,2,16,18,9,9,288,81,True
80af3007,3,16,18,9,9,288,81,True
810b9b61,1,15,15,15,15,225,225,False
810b9b61,2,15,15,15,15,225,225,False
810b9b61,3,9,9,9,9,81,81,False
817e6c09,1,7,7,7,7,49,49,False
817e6c09,2,7,14,7,14,98,98,False
817e6c09,3,7,15,7,15,105,105,False
817e6c09,4,7,5,7,5,35,35,False
817e6c09,5,7,17,7,17,119,119,False
81c0276b,1,16,16,2,3,256,6,True
81c0276b,2,19,13,3,3,247,9,True
81c0276b,3,16,18,3,4,288,12,True
825aa9e9,1,6,10,6,10,60,60,False
825aa9e9,2,4,9,4,9,36,36,False
825aa9e9,3,9,10,9,10,90,90,False
825aa9e9,4,6,7,6,7,42,42,False
82819916,1,12,8,12,8,96,96,False
82819916,2,10,8,10,8,80,80,False
82819916,3,6,8,6,8,48,48,False
82819916,4,10,8,10,8,80,80,False
83302e8f,1,29,29,29,29,841,841,False
83302e8f,2,24,24,24,24,576,576,False
83302e8f,3,19,19,19,19,361,361,False
833966f4,1,5,1,5,1,5,5,False
833966f4,2,5,1,5,1,5,5,False
833dafe3,1,4,4,8,8,16,64,True
833dafe3,2,3,3,6,6,9,36,True
834ec97d,1,5,5,5,5,25,25,False
834ec97d,2,3,3,3,3,9,9,False
834ec97d,3,9,9,9,9,81,81,False
83b6b474,1,6,6,4,4,36,16,True
83b6b474,2,16,16,6,6,256,36,True
83eb0a57,1,30,30,9,5,900,45,True
83eb0a57,2,30,30,12,16,900,192,True
83eb0a57,3,30,30,13,15,900,195,True
8403a5d5,1,10,10,10,10,100,100,False
8403a5d5,2,10,10,10,10,100,100,False
8403a5d5,3,10,10,10,10,100,100,False
84551f4c,1,3,16,3,16,48,48,False
84551f4c,2,3,16,3,16,48,48,False
84551f4c,3,3,7,3,7,21,21,False
845d6e51,1,16,16,16,16,256,256,False
845d6e51,2,16,16,16,16,256,256,False
845d6e51,3,10,10,10,10,100,100,False
846bdb03,1,13,13,4,6,169,24,True
846bdb03,2,13,13,7,8,169,56,True
846bdb03,3,13,13,5,6,169,30,True
846bdb03,4,13,13,6,8,169,48,True
84ba50d3,1,9,9,9,9,81,81,False
84ba50d3,2,7,7,7,7,49,49,False
84ba50d3,3,11,11,11,11,121,121,False
84db8fc4,1,10,10,10,10,100,100,False
84db8fc4,2,10,10,10,10,100,100,False
84db8fc4,3,10,10,10,10,100,100,False
84db8fc4,4,10,10,10,10,100,100,False
84f2aca1,1,6,6,6,6,36,36,False
84f2aca1,2,6,6,6,6,36,36,False
84f2aca1,3,16,12,16,12,192,192,False
84f2aca1,4,13,13,13,13,169,169,False
855e0971,1,13,15,13,15,195,195,False
855e0971,2,14,13,14,13,182,182,False
855e0971,3,14,15,14,15,210,210,False
855e0971,4,15,19,15,19,285,285,False
8597cfd7,1,11,9,2,2,99,4,True
8597cfd7,2,9,9,2,2,81,4,True
8597cfd7,3,11,9,2,2,99,4,True
8597cfd7,4,9,9,2,2,81,4,True
85b81ff1,1,13,14,13,14,182,182,False
85b81ff1,2,13,14,13,14,182,182,False
85b81ff1,3,13,14,13,14,182,182,False
85b81ff1,4,13,14,13,14,182,182,False
85c4e7cd,1,8,8,8,8,64,64,False
85c4e7cd,2,6,6,6,6,36,36,False
85c4e7cd,3,10,10,10,10,100,100,False
85c4e7cd,4,12,12,12,12,144,144,False
85fa5666,1,12,12,12,12,144,144,False
85fa5666,2,12,12,12,12,144,144,False
85fa5666,3,8,8,8,8,64,64,False
85fa5666,4,9,9,9,9,81,81,False
8618d23e,1,4,2,5,3,8,15,True
8618d23e,2,2,1,3,2,2,6,True
8618d23e,3,6,3,7,4,18,28,True
868de0fa,1,11,11,11,11,121,121,False
868de0fa,2,10,10,10,10,100,100,False
868de0fa,3,20,20,20,20,400,400,False
868de0fa,4,15,15,15,15,225,225,False
868de0fa,5,10,10,10,10,100,100,False
8719f442,1,3,3,15,15,9,225,True
8719f442,2,3,3,15,15,9,225,True
8719f442,3,3,3,15,15,9,225,True
8731374e,1,27,23,10,9,621,90,True
8731374e,2,17,23,7,6,391,42,True
8731374e,3,16,17,6,8,272,48,True
878187ab,1,16,16,16,16,256,256,False
878187ab,2,15,15,16,16,225,256,True
87ab05b8,1,4,4,4,4,16,16,False
87ab05b8,2,4,4,4,4,16,16,False
87ab05b8,3,4,4,4,4,16,16,False
880c1354,1,8,8,8,8,64,64,False
880c1354,2,8,8,8,8,64,64,False
880c1354,3,8,8,8,8,64,64,False
88207623,1,16,16,16,16,256,256,False
88207623,2,14,16,14,16,224,224,False
8886d717,1,11,11,11,11,121,121,False
8886d717,2,8,8,8,8,64,64,False
8886d717,3,12,12,12,12,144,144,False
88a10436,1,8,7,8,7,56,56,False
88a10436,2,9,9,9,9,81,81,False
88a10436,3,10,8,10,8,80,80,False
88a62173,1,5,5,2,2,25,4,True
88a62173,2,5,5,2,2,25,4,True
88a62173,3,5,5,2,2,25,4,True
890034e9,1,21,21,21,21,441,441,False
890034e9,2,21,21,21,21,441,441,False
890034e9,3,21,21,21,21,441,441,False
891232d6,1,23,20,23,20,460,460,False
891232d6,2,28,29,28,29,812,812,False
891232d6,3,17,10,17,10,170,170,False
891232d6,4,28,19,28,19,532,532,False
896d5239,1,15,12,15,12,180,180,False
896d5239,2,13,12,13,12,156,156,False
896d5239,3,15,16,15,16,240,240,False
8a004b2b,1,17,18,7,7,306,49,True
8a004b2b,2,17,17,9,14,289,126,True
8a004b2b,3,16,18,11,11,288,121,True
8a371977,1,23,23,23,23,529,529,False
8a371977,2,19,19,19,19,361,361,False
8a371977,3,25,25,25,25,625,625,False
8a6d367c,1,27,21,14,14,567,196,True
8a6d367c,2,27,21,14,11,567,154,True
8a6d367c,3,27,21,8,10,567,80,True
8abad3cf,1,7,7,4,10,49,40,True
8abad3cf,2,7,4,3,6,28,18,True
8b28cd80,1,3,3,9,9,9,81,True
8b28cd80,2,3,3,9,9,9,81,True
8b28cd80,3,3,3,9,9,9,81,True
8b28cd80,4,3,3,9,9,9,81,True
8b28cd80,5,3,3,9,9,9,81,True
8ba14f53,1,4,9,3,3,36,9,True
8ba14f53,2,4,9,3,3,36,9,True
8ba14f53,3,4,9,3,3,36,9,True
8ba14f53,4,4,9,3,3,36,9,True
8ba14f53,5,4,9,3,3,36,9,True
8ba14f53,6,4,9,3,3,36,9,True
8be77c9e,1,3,3,6,3,9,18,True
8be77c9e,2,3,3,6,3,9,18,True
8be77c9e,3,3,3,6,3,9,18,True
8cb8642d,1,13,14,13,14,182,182,False
8cb8642d,2,12,15,12,15,180,180,False
8cb8642d,3,17,18,17,18,306,306,False
8d5021e8,1,3,2,9,4,6,36,True
8d5021e8,2,3,2,9,4,6,36,True
8d5021e8,3,3,2,9,4,6,36,True
8d510a79,1,10,10,10,10,100,100,False
8d510a79,2,10,10,10,10,100,100,False
8dab14c2,1,14,16,14,16,224,224,False
8dab14c2,2,13,17,13,17,221,221,False
8dab14c2,3,16,16,16,16,256,256,False
8dab14c2,4,14,15,14,15,210,210,False
8dae5dfc,1,17,17,17,17,289,289,False
8dae5dfc,2,18,16,18,16,288,288,False
8dae5dfc,3,17,19,17,19,323,323,False
8dae5dfc,4,18,19,18,19,342,342,False
8e1813be,1,12,10,3,3,120,9,True
8e1813be,2,18,15,6,6,270,36,True
8e1813be,3,12,12,4,4,144,16,True
8e2edd66,1,3,3,9,9,9,81,True
8e2edd66,2,3,3,9,9,9,81,True
8e2edd66,3,3,3,9,9,9,81,True
8e301a54,1,10,10,10,10,100,100,False
8e301a54,2,10,10,10,10,100,100,False
8e301a54,3,10,10,10,10,100,100,False
8e5a5113,1,3,11,3,11,33,33,False
8e5a5113,2,3,11,3,11,33,33,False
8e5a5113,3,3,11,3,11,33,33,False
8eb1be9a,1,10,12,10,12,120,120,False
8eb1be9a,2,15,19,15,19,285,285,False
8ee62060,1,12,12,12,12,144,144,False
8ee62060,2,12,12,12,12,144,144,False
8ee62060,3,10,10,10,10,100,100,False
8efcae92,1,20,20,9,9,400,81,True
8efcae92,2,20,20,5,6,400,30,True
8efcae92,3,20,20,5,17,400,85,True
8f2ea7aa,1,9,9,9,9,81,81,False
8f2ea7aa,2,9,9,9,9,81,81,False
8f2ea7aa,3,9,9,9,9,81,81,False
8fbca751,1,8,12,8,12,96,96,False
8fbca751,2,8,12,8,12,96,96,False
8fbca751,3,7,7,7,7,49,49,False
8fff9e47,1,6,4,12,12,24,144,True
8fff9e47,2,4,6,12,12,24,144,True
902510d5,1,6,9,6,9,54,54,False
902510d5,2,11,11,11,11,121,121,False
902510d5,3,15,14,15,14,210,210,False
902510d5,4,10,10,10,10,100,100,False
90347967,1,3,3,3,3,9,9,False
90347967,2,7,9,7,9,63,63,False
90347967,3,9,9,9,9,81,81,False
90c28cc7,1,21,21,2,2,441,4,True
90c28cc7,2,21,21,3,3,441,9,True
90c28cc7,3,21,21,3,2,441,6,True
90f3ed37,1,15,10,15,10,150,150,False
90f3ed37,2,15,10,15,10,150,150,False
90f3ed37,3,15,10,15,10,150,150,False
9110e3c5,1,7,7,3,3,49,9,True
9110e3c5,2,7,7,3,3,49,9,True
9110e3c5,3,7,7,3,3,49,9,True
9110e3c5,4,7,7,3,3,49,9,True
9110e3c5,5,7,7,3,3,49,9,True
9110e3c5,6,7,7,3,3,49,9,True
9110e3c5,7,7,7,3,3,49,9,True
913fb3ed,1,16,16,16,16,256,256,False
913fb3ed,2,6,6,6,6,36,36,False
913fb3ed,3,6,6,6,6,36,36,False
913fb3ed,4,12,12,12,12,144,144,False
91413438,1,3,3,9,9,9,81,True
91413438,2,3,3,15,15,9,225,True
91413438,3,3,3,18,18,9,324,True
91413438,4,3,3,12,12,9,144,True
91714a58,1,16,16,16,16,256,256,False
91714a58,2,16,16,16,16,256,256,False
91714a58,3,16,16,16,16,256,256,False
9172f3a0,1,3,3,9,9,9,81,True
9172f3a0,2,3,3,9,9,9,81,True
917bccba,1,12,12,12,12,144,144,False
917bccba,2,12,12,12,12,144,144,False
917bccba,3,12,12,12,12,144,144,False
928ad970,1,15,13,15,13,195,195,False
928ad970,2,12,13,12,13,156,156,False
928ad970,3,15,14,15,14,210,210,False
92e50de0,1,23,23,23,23,529,529,False
92e50de0,2,27,27,27,27,729,729,False
92e50de0,3,25,25,25,25,625,625,False
9344f635,1,8,8,8,8,64,64,False
9344f635,2,7,7,7,7,49,49,False
9344f635,3,9,9,9,9,81,81,False
9356391f,1,16,16,16,16,256,256,False
9356391f,2,16,16,16,16,256,256,False
93b4f4b3,1,13,12,13,6,156,78,True
93b4f4b3,2,10,12,10,6,120,60,True
93b581b8,1,6,6,6,6,36,36,False
93b581b8,2,6,6,6,6,36,36,False
93b581b8,3,6,6,6,6,36,36,False
93c31fbe,1,22,23,22,23,506,506,False
93c31fbe,2,23,25,23,25,575,575,False
93c31fbe,3,20,21,20,21,420,420,False
94133066,1,22,21,9,9,462,81,True
94133066,2,23,19,10,9,437,90,True
94133066,3,22,25,12,10,550,120,True
941d9a10,1,10,10,10,10,100,100,False
941d9a10,2,10,10,10,10,100,100,False
941d9a10,3,10,10,10,10,100,100,False
94414823,1,10,10,10,10,100,100,False
94414823,2,10,10,10,10,100,100,False
94414823,3,10,10,10,10,100,100,False
9473c6fb,1,6,10,6,10,60,60,False
9473c6fb,2,8,8,8,8,64,64,False
9473c6fb,3,6,10,6,10,60,60,False
94be5b80,1,18,14,18,14,252,252,False
94be5b80,2,17,13,17,13,221,221,False
94f9d214,1,8,4,4,4,32,16,True
94f9d214,2,8,4,4,4,32,16,True
94f9d214,3,8,4,4,4,32,16,True
94f9d214,4,8,4,4,4,32,16,True
952a094c,1,10,10,10,10,100,100,False
952a094c,2,10,10,10,10,100,100,False
952a094c,3,10,10,10,10,100,100,False
9565186b,1,3,3,3,3,9,9,False
9565186b,2,3,3,3,3,9,9,False
9565186b,3,3,3,3,3,9,9,False
9565186b,4,3,3,3,3,9,9,False
95755ff2,1,11,11,11,11,121,121,False
95755ff2,2,11,11,11,11,121,121,False
95755ff2,3,11,11,11,11,121,121,False
95990924,1,10,10,10,10,100,100,False
95990924,2,10,10,10,10,100,100,False
95990924,3,15,15,15,15,225,225,False
95a58926,1,21,17,21,17,357,357,False
95a58926,2,19,13,19,13,247,247,False
95a58926,3,21,24,21,24,504,504,False
963c33f8,1,16,16,16,16,256,256,False
963c33f8,2,14,14,14,14,196,196,False
963c33f8,3,16,16,16,16,256,256,False
963e52fc,1,5,7,5,14,35,70,True
963e52fc,2,5,6,5,12,30,60,True
963e52fc,3,5,8,5,16,40,80,True
963f59bc,1,12,12,12,12,144,144,False
963f59bc,2,12,11,12,11,132,132,False
963f59bc,3,14,13,14,13,182,182,False
963f59bc,4,11,11,11,11,121,121,False
96a8c0cd,1,22,12,22,12,264,264,False
96a8c0cd,2,22,12,22,12,264,264,False
96a8c0cd,3,13,19,13,19,247,247,False
96a8c0cd,4,12,22,12,22,264,264,False
9720b24f,1,3,3,3,3,9,9,False
9720b24f,2,11,11,11,11,121,121,False
9720b24f,3,15,15,15,15,225,225,False
9720b24f,4,11,11,11,11,121,121,False
97239e3d,1,17,17,17,17,289,289,False
97239e3d,2,17,17,17,17,289,289,False
97239e3d,3,17,17,17,17,289,289,False
973e499e,1,3,3,9,9,9,81,True
973e499e,2,3,3,9,9,9,81,True
973e499e,3,5,5,25,25,25,625,True
9772c176,1,22,21,22,21,462,462,False
9772c176,2,26,29,26,29,754,754,False
97999447,1,10,12,10,12,120,120,False
97999447,2,10,8,10,8,80,80,False
97999447,3,7,8,7,8,56,56,False
97a05b5b,1,20,10,8,8,200,64,True
97a05b5b,2,24,19,17,9,456,153,True
97a05b5b,3,16,12,9,9,192,81,True
97c75046,1,10,6,10,6,60,60,False
97c75046,2,6,8,6,8,48,48,False
97c75046,3,12,8,12,8,96,96,False
981add89,1,20,20,20,20,400,400,False
981add89,2,30,30,30,30,900,900,False
9841fdad,1,14,25,14,25,350,350,False
9841fdad,2,11,22,11,22,242,242,False
984d8a3e,1,10,10,10,10,100,100,False
984d8a3e,2,10,10,10,10,100,100,False
985ae207,1,20,20,20,20,400,400,False
985ae207,2,20,20,20,20,400,400,False
985ae207,3,20,20,20,20,400,400,False
98c475bf,1,20,20,20,20,400,400,False
98c475bf,2,20,20,20,20,400,400,False
98c475bf,3,20,20,20,20,400,400,False
98c475bf,4,20,20,20,20,400,400,False
98cf29f8,1,13,18,13,18,234,234,False
98cf29f8,2,17,14,17,14,238,238,False
98cf29f8,3,15,19,15,19,285,285,False
992798f6,1,15,16,15,16,240,240,False
992798f6,2,15,12,15,12,180,180,False
992798f6,3,16,16,16,16,256,256,False
992798f6,4,13,12,13,12,156,156,False
99306f82,1,15,15,15,15,225,225,False
99306f82,2,10,10,10,10,100,100,False
99306f82,3,15,15,15,15,225,225,False
995c5fa3,1,4,14,3,3,56,9,True
995c5fa3,2,4,14,3,3,56,9,True
995c5fa3,3,4,14,3,3,56,9,True
995c5fa3,4,4,14,3,3,56,9,True
9968a131,1,4,4,4,4,16,16,False
9968a131,2,6,6,6,6,36,36,False
996ec1f3,1,19,19,3,3,361,9,True
996ec1f3,2,19,19,3,3,361,9,True
996ec1f3,3,19,19,3,3,361,9,True
99b1bc43,1,9,4,4,4,36,16,True
99b1bc43,2,9,4,4,4,36,16,True
99b1bc43,3,9,4,4,4,36,16,True
99b1bc43,4,9,4,4,4,36,16,True
99caaf76,1,8,8,8,8,64,64,False
99caaf76,2,8,5,8,5,40,40,False
99caaf76,3,9,13,9,13,117,117,False
99fa7670,1,6,6,6,6,36,36,False
99fa7670,2,3,3,3,3,9,9,False
99fa7670,3,7,5,7,5,35,35,False
99fa7670,4,6,6,6,6,36,36,False
9a4bb226,1,15,15,3,3,225,9,True
9a4bb226,2,15,15,3,3,225,9,True
9a4bb226,3,15,15,3,3,225,9,True
9aec4887,1,14,16,5,5,224,25,True
9aec4887,2,15,16,6,6,240,36,True
9aec4887,3,15,15,6,6,225,36,True
9af7a82c,1,4,3,5,4,12,20,True
9af7a82c,2,3,4,6,4,12,24,True
9af7a82c,3,4,3,6,3,12,18,True
9af7a82c,4,3,3,5,3,9,15,True
9b2a60aa,1,23,17,23,17,391,391,False
9b2a60aa,2,16,22,16,22,352,352,False
9b2a60aa,3,23,14,23,14,322,322,False
9b30e358,1,10,5,10,5,50,50,False
9b30e358,2,10,7,10,7,70,70,False
9b365c51,1,6,15,6,15,90,90,False
9b365c51,2,8,20,8,20,160,160,False
9b365c51,3,7,18,7,18,126,126,False
9b4c17c4,1,12,11,12,11,132,132,False
9b4c17c4,2,11,13,11,13,143,143,False
9b4c17c4,3,12,14,12,14,168,168,False
9b4c17c4,4,15,15,15,15,225,225,False
9b5080bb,1,23,23,23,23,529,529,False
9b5080bb,2,23,23,23,23,529,529,False
9b5080bb,3,20,20,20,20,400,400,False
9ba4a9aa,1,22,22,3,3,484,9,True
9ba4a9aa,2,22,22,3,3,484,9,True
9ba4a9aa,3,22,22,3,3,484,9,True
9bebae7a,1,11,10,11,10,110,110,False
9bebae7a,2,12,10,12,10,120,120,False
9bebae7a,3,10,10,10,10,100,100,False
9bebae7a,4,11,13,11,13,143,143,False
9bebae7a,5,6,10,6,10,60,60,False
9c1e755f,1,10,10,10,10,100,100,False
9c1e755f,2,10,10,10,10,100,100,False
9c1e755f,3,10,10,10,10,100,100,False
9c1e755f,4,10,10,10,10,100,100,False
9c56f360,1,7,8,7,8,56,56,False
9c56f360,2,7,6,7,6,42,42,False
9c56f360,3,9,8,9,8,72,72,False
9caba7c3,1,19,19,19,19,361,361,False
9caba7c3,2,19,19,19,19,361,361,False
9caba7c3,3,19,19,19,19,361,361,False
9caf5b84,1,6,6,6,6,36,36,False
9caf5b84,2,4,4,4,4,16,16,False
9caf5b84,3,6,6,6,6,36,36,False
9caf5b84,4,4,6,4,6,24,24,False
9d9215db,1,19,19,19,19,361,361,False
9d9215db,2,19,19,19,19,361,361,False
9d9215db,3,19,19,19,19,361,361,False
9ddd00f0,1,5,5,5,5,25,25,False
9ddd00f0,2,11,11,11,11,121,121,False
9def23fe,1,20,15,20,15,300,300,False
9def23fe,2,21,25,21,25,525,525,False
9def23fe,3,20,17,20,17,340,340,False
9dfd6313,1,4,4,4,4,16,16,False
9dfd6313,2,3,3,3,3,9,9,False
9dfd6313,3,5,5,5,5,25,25,False
9edfc990,1,15,15,15,15,225,225,False
9edfc990,2,13,13,13,13,169,169,False
9edfc990,3,16,16,16,16,256,256,False
9f236235,1,19,19,4,4,361,16,True
9f236235,2,19,19,4,4,361,16,True
9f236235,3,11,11,3,3,121,9,True
9f27f097,1,12,12,12,12,144,144,False
9f27f097,2,12,12,12,12,144,144,False
9f27f097,3,12,12,12,12,144,144,False
9f41bd9c,1,17,17,17,17,289,289,False
9f41bd9c,2,16,16,16,16,256,256,False
9f5f939b,1,16,16,16,16,256,256,False
9f5f939b,2,8,8,8,8,64,64,False
9f5f939b,3,16,16,16,16,256,256,False
9f669b64,1,10,10,10,10,100,100,False
9f669b64,2,10,10,10,10,100,100,False
9f669b64,3,10,10,10,10,100,100,False
9f8de559,1,14,14,14,14,196,196,False
9f8de559,2,14,14,14,14,196,196,False
9f8de559,3,14,14,14,14,196,196,False
9f8de559,4,14,14,14,14,196,196,False
a04b2602,1,20,20,20,20,400,400,False
a04b2602,2,20,20,20,20,400,400,False
a04b2602,3,10,17,10,17,170,170,False
a096bf4d,1,26,21,26,21,546,546,False
a096bf4d,2,21,21,21,21,441,441,False
a096bf4d,3,16,16,16,16,256,256,False
a09f6c25,1,19,19,19,19,361,361,False
a09f6c25,2,19,19,19,19,361,361,False
a09f6c25,3,17,19,17,19,323,323,False
a1570a43,1,9,10,9,10,90,90,False
a1570a43,2,9,9,9,9,81,81,False
a1570a43,3,9,8,9,8,72,72,False
a1570a43,4,7,7,7,7,49,49,False
a1aa0c1e,1,21,21,3,5,441,15,True
a1aa0c1e,2,21,21,3,5,441,15,True
a1aa0c1e,3,21,21,3,5,441,15,True
a2d730bd,1,22,16,22,16,352,352,False
a2d730bd,2,13,16,13,16,208,208,False
a2d730bd,3,22,16,22,16,352,352,False
a2fd1cf0,1,10,16,10,16,160,160,False
a2fd1cf0,2,15,15,15,15,225,225,False
a2fd1cf0,3,12,14,12,14,168,168,False
a3325580,1,10,10,3,1,100,3,True
a3325580,2,10,10,9,2,100,18,True
a3325580,3,10,10,5,1,100,5,True
a3325580,4,10,10,3,2,100,6,True
a3325580,5,10,10,5,3,100,15,True
a3325580,6,10,10,3,3,100,9,True
a3f84088,1,16,16,16,16,256,256,False
a3f84088,2,6,6,6,6,36,36,False
a3f84088,3,19,19,19,19,361,361,False
a3f84088,4,13,13,13,13,169,169,False
a406ac07,1,10,10,10,10,100,100,False
a406ac07,2,10,10,10,10,100,100,False
a406ac07,3,10,10,10,10,100,100,False
a416b8f3,1,4,3,4,6,12,24,True
a416b8f3,2,3,3,3,6,9,18,True
a416b8f3,3,4,4,4,8,16,32,True
a416fc5b,1,11,11,11,11,121,121,False
a416fc5b,2,11,11,11,11,121,121,False
a416fc5b,3,11,11,16,16,121,256,True
a48eeaf7,1,10,10,10,10,100,100,False
a48eeaf7,2,10,10,10,10,100,100,False
a5313dff,1,8,8,8,8,64,64,False
a5313dff,2,8,8,8,8,64,64,False
a5313dff,3,12,12,12,12,144,144,False
a57f2f04,1,23,19,23,19,437,437,False
a57f2f04,2,19,13,19,13,247,247,False
a57f2f04,3,24,21,24,21,504,504,False
a59b95c0,1,3,3,6,6,9,36,True
a59b95c0,2,3,3,6,6,9,36,True
a59b95c0,3,3,3,12,12,9,144,True
a59b95c0,4,3,3,9,9,9,81,True
a59b95c0,5,3,3,9,9,9,81,True
a5f85a15,1,8,8,8,8,64,64,False
a5f85a15,2,3,3,3,3,9,9,False
a5f85a15,3,6,6,6,6,36,36,False
a61ba2ce,1,13,13,4,4,169,16,True
a61ba2ce,2,13,13,4,4,169,16,True
a61f2674,1,9,9,9,9,81,81,False
a61f2674,2,9,9,9,9,81,81,False
a644e277,1,17,21,9,9,357,81,True
a644e277,2,18,22,6,11,396,66,True
a64e4611,1,30,30,30,30,900,900,False
a64e4611,2,30,30,30,30,900,900,False
a64e4611,3,30,30,30,30,900,900,False
a65b410d,1,8,9,8,9,72,72,False
a65b410d,2,7,7,7,7,49,49,False
a65b410d,3,7,9,7,9,63,63,False
a680ac02,1,21,16,8,4,336,32,True
a680ac02,2,18,17,4,8,306,32,True
a680ac02,3,24,22,4,12,528,48,True
a68b268e,1,9,9,4,4,81,16,True
a68b268e,2,9,9,4,4,81,16,True
a68b268e,3,9,9,4,4,81,16,True
a68b268e,4,9,9,4,4,81,16,True
a68b268e,5,9,9,4,4,81,16,True
a68b268e,6,9,9,4,4,81,16,True
a6953f00,1,4,4,2,2,16,4,True
a6953f00,2,3,3,2,2,9,4,True
a6953f00,3,5,5,2,2,25,4,True
a699fb00,1,10,10,10,10,100,100,False
a699fb00,2,5,5,5,5,25,25,False
a699fb00,3,10,10,10,10,100,100,False
a740d043,1,7,7,2,3,49,6,True
a740d043,2,5,7,3,3,35,9,True
a740d043,3,7,6,3,2,42,6,True
a78176bb,1,10,10,10,10,100,100,False
a78176bb,2,10,10,10,10,100,100,False
a78176bb,3,10,10,10,10,100,100,False
a79310a0,1,3,3,3,3,9,9,False
a79310a0,2,5,5,5,5,25,25,False
a79310a0,3,5,5,5,5,25,25,False
a834deea,1,12,12,12,12,144,144,False
a834deea,2,9,9,9,9,81,81,False
a834deea,3,13,13,13,13,169,169,False
a85d4709,1,3,3,3,3,9,9,False
a85d4709,2,3,3,3,3,9,9,False
a85d4709,3,3,3,3,3,9,9,False
a85d4709,4,3,3,3,3,9,9,False
a8610ef7,1,6,6,6,6,36,36,False
a8610ef7,2,6,6,6,6,36,36,False
a8610ef7,3,6,6,6,6,36,36,False
a8610ef7,4,6,6,6,6,36,36,False
a87f7484,1,3,15,3,3,45,9,True
a87f7484,2,3,12,3,3,36,9,True
a87f7484,3,12,3,3,3,36,9,True
a87f7484,4,9,3,3,3,27,9,True
a8c38be5,1,16,14,9,9,224,81,True
a8c38be5,2,14,14,9,9,196,81,True
a8d7556c,1,18,18,18,18,324,324,False
a8d7556c,2,18,18,18,18,324,324,False
a8d7556c,3,18,18,18,18,324,324,False
a934301b,1,14,14,14,14,196,196,False
a934301b,2,14,14,14,14,196,196,False
a934301b,3,13,15,13,15,195,195,False
a9f96cdd,1,3,5,3,5,15,15,False
a9f96cdd,2,3,5,3,5,15,15,False
a9f96cdd,3,3,5,3,5,15,15,False
a9f96cdd,4,3,5,3,5,15,15,False
aa18de87,1,5,12,5,12,60,60,False
aa18de87,2,3,8,3,8,24,24,False
aa18de87,3,5,8,5,8,40,40,False
aa18de87,4,4,8,4,8,32,32,False
aa300dc3,1,10,10,10,10,100,100,False
aa300dc3,2,10,10,10,10,100,100,False
aa300dc3,3,10,10,10,10,100,100,False
aa300dc3,4,10,10,10,10,100,100,False
aa62e3f4,1,16,16,16,16,256,256,False
aa62e3f4,2,7,7,7,7,49,49,False
aab50785,1,12,17,6,5,204,30,True
aab50785,2,12,15,2,4,180,8,True
aab50785,3,12,10,2,6,120,12,True
aab50785,4,13,16,4,3,208,12,True
aab50785,5,13,17,4,5,221,20,True
aabf363d,1,7,7,7,7,49,49,False
aabf363d,2,7,7,7,7,49,49,False
aaecdb9a,1,10,10,2,5,100,10,True
aaecdb9a,2,10,10,3,5,100,15,True
aaecdb9a,3,10,10,5,5,100,25,True
aaef0977,1,8,8,8,8,64,64,False
aaef0977,2,8,8,8,8,64,64,False
aba27056,1,9,9,9,9,81,81,False
aba27056,2,7,7,7,7,49,49,False
aba27056,3,6,6,6,6,36,36,False
abbfd121,1,22,20,7,7,440,49,True
abbfd121,2,23,19,10,10,437,100,True
abbfd121,3,21,22,6,12,462,72,True
ac0a08a4,1,3,3,9,9,9,81,True
ac0a08a4,2,3,3,6,6,9,36,True
ac0a08a4,3,3,3,15,15,9,225,True
ac0c2ac3,1,9,9,9,9,81,81,False
ac0c2ac3,2,7,7,7,7,49,49,False
ac0c2ac3,3,11,11,11,11,121,121,False
ac0c5833,1,26,26,26,26,676,676,False
ac0c5833,2,30,30,30,30,900,900,False
ac0c5833,3,25,25,25,25,625,625,False
ac2e8ecf,1,13,13,13,13,169,169,False
ac2e8ecf,2,13,16,13,16,208,208,False
ac2e8ecf,3,16,17,16,17,272,272,False
ac3e2b04,1,12,12,12,12,144,144,False
ac3e2b04,2,15,12,15,12,180,180,False
ac3e2b04,3,16,14,16,14,224,224,False
ac3e2b04,4,10,10,10,10,100,100,False
ac605cbb,1,11,11,11,11,121,121,False
ac605cbb,2,10,10,10,10,100,100,False
ac605cbb,3,10,10,10,10,100,100,False
ac605cbb,4,11,11,11,11,121,121,False
ac605cbb,5,10,10,10,10,100,100,False
ac605cbb,6,9,9,9,9,81,81,False
ac6f9922,1,17,17,2,2,289,4,True
ac6f9922,2,13,13,2,2,169,4,True
ac6f9922,3,17,17,2,3,289,6,True
ad173014,1,20,22,20,22,440,440,False
ad173014,2,22,21,22,21,462,462,False
ad173014,3,26,26,26,26,676,676,False
ad38a9d0,1,9,9,9,9,81,81,False
ad38a9d0,2,9,9,9,9,81,81,False
ad3b40cf,1,9,9,9,9,81,81,False
ad3b40cf,2,16,16,16,16,256,256,False
ad3b40cf,3,15,15,15,15,225,225,False
ad7e01d0,1,4,4,16,16,16,256,True
ad7e01d0,2,3,3,9,9,9,81,True
ad7e01d0,3,4,4,16,16,16,256,True
ad7e01d0,4,3,3,9,9,9,81,True
ae3edfdc,1,15,15,15,15,225,225,False
ae3edfdc,2,15,15,15,15,225,225,False
ae3edfdc,3,15,15,15,15,225,225,False
ae4f1146,1,9,9,3,3,81,9,True
ae4f1146,2,9,9,3,3,81,9,True
ae4f1146,3,9,9,3,3,81,9,True
ae4f1146,4,9,9,3,3,81,9,True
ae58858e,1,6,6,6,6,36,36,False
ae58858e,2,10,12,10,12,120,120,False
ae58858e,3,10,9,10,9,90,90,False
ae58858e,4,10,8,10,8,80,80,False
aedd82e4,1,5,4,5,4,20,20,False
aedd82e4,2,4,4,4,4,16,16,False
aedd82e4,3,3,3,3,3,9,9,False
aedd82e4,4,3,3,3,3,9,9,False
aee291af,1,16,16,4,4,256,16,True
aee291af,2,16,16,4,4,256,16,True
aee291af,3,18,18,5,5,324,25,True
af24b4cc,1,9,10,4,5,90,20,True
af24b4cc,2,9,10,4,5,90,20,True
af24b4cc,3,9,10,4,5,90,20,True
af726779,1,11,16,11,16,176,176,False
af726779,2,13,16,13,16,208,208,False
af726779,3,9,16,9,16,144,144,False
af902bf9,1,10,10,10,10,100,100,False
af902bf9,2,10,10,10,10,100,100,False
af902bf9,3,10,10,10,10,100,100,False
afe3afe9,1,30,30,7,6,900,42,True
afe3afe9,2,30,30,6,7,900,42,True
afe3afe9,3,30,30,7,6,900,42,True
b0722778,1,8,9,8,2,72,16,True
b0722778,2,11,9,11,2,99,22,True
b0c4d837,1,9,9,3,3,81,9,True
b0c4d837,2,9,9,3,3,81,9,True
b0c4d837,3,9,9,3,3,81,9,True
b0c4d837,4,5,6,3,3,30,9,True
b0c4d837,5,6,6,3,3,36,9,True
b0c4d837,6,7,7,3,3,49,9,True
b0f4d537,1,11,13,11,7,143,77,True
b0f4d537,2,9,13,9,7,117,63,True
b0f4d537,3,7,13,7,7,91,49,True
b0f4d537,4,9,11,9,7,99,63,True
b15fca0b,1,6,6,6,6,36,36,False
b15fca0b,2,5,5,5,5,25,25,False
b15fca0b,3,6,6,6,6,36,36,False
b15fca0b,4,10,10,10,10,100,100,False
b15fca0b,5,5,5,5,5,25,25,False
b190f7f5,1,3,6,9,9,18,81,True
b190f7f5,2,3,6,9,9,18,81,True
b190f7f5,3,4,8,16,16,32,256,True
b1948b0a,1,6,4,6,4,24,24,False
b1948b0a,2,3,4,3,4,12,12,False
b1948b0a,3,3,6,3,6,18,18,False
b1986d4b,1,28,28,5,16,784,80,True
b1986d4b,2,28,28,5,18,784,90,True
b1986d4b,3,28,28,5,30,784,150,True
b1fc8b8e,1,6,6,5,5,36,25,True
b1fc8b8e,2,6,6,5,5,36,25,True
b1fc8b8e,3,6,6,5,5,36,25,True
b1fc8b8e,4,6,6,5,5,36,25,True
b1fc8b8e,5,6,6,5,5,36,25,True
b20f7c8b,1,18,22,18,22,396,396,False
b20f7c8b,2,18,22,18,22,396,396,False
b20f7c8b,3,18,22,18,22,396,396,False
b230c067,1,10,10,10,10,100,100,False
b230c067,2,10,10,10,10,100,100,False
b230c067,3,10,10,10,10,100,100,False
b25e450b,1,10,10,10,10,100,100,False
b25e450b,2,6,8,6,8,48,48,False
b25e450b,3,12,12,12,12,144,144,False
b27ca6d3,1,15,16,15,16,240,240,False
b27ca6d3,2,15,18,15,18,270,270,False
b2862040,1,12,13,12,13,156,156,False
b2862040,2,12,11,12,11,132,132,False
b2862040,3,14,15,14,15,210,210,False
b2862040,4,9,11,9,11,99,99,False
b2bc3ffd,1,8,8,8,8,64,64,False
b2bc3ffd,2,8,8,8,8,64,64,False
b2bc3ffd,3,8,8,8,8,64,64,False
b457fec5,1,17,18,17,18,306,306,False
b457fec5,2,23,19,23,19,437,437,False
b457fec5,3,14,18,14,18,252,252,False
b4a43f3b,1,13,6,18,18,78,324,True
b4a43f3b,2,13,6,18,18,78,324,True
b4a43f3b,3,13,6,18,18,78,324,True
b4a43f3b,4,13,6,18,18,78,324,True
b527c5c6,1,20,20,20,20,400,400,False
b527c5c6,2,20,20,20,20,400,400,False
b527c5c6,3,20,20,20,20,400,400,False
b527c5c6,4,10,10,10,10,100,100,False
b548a754,1,11,11,11,11,121,121,False
b548a754,2,11,11,11,11,121,121,False
b548a754,3,13,12,13,12,156,156,False
b5bb5719,1,3,5,3,5,15,15,False
b5bb5719,2,3,5,3,5,15,15,False
b5bb5719,3,3,5,3,5,15,15,False
b5bb5719,4,3,5,3,5,15,15,False
b5bb5719,5,5,9,5,9,45,45,False
b5bb5719,6,3,5,3,5,15,15,False
b5bb5719,7,4,7,4,7,28,28,False
b60334d2,1,9,9,9,9,81,81,False
b60334d2,2,9,9,9,9,81,81,False
b6afb2da,1,10,10,10,10,100,100,False
b6afb2da,2,10,10,10,10,100,100,False
b71a7747,1,19,19,12,12,361,144,True
b71a7747,2,25,25,9,9,625,81,True
b7249182,1,10,13,10,13,130,130,False
b7249182,2,14,10,14,10,140,140,False
b7249182,3,10,18,10,18,180,180,False
b7256dcd,1,5,5,5,5,25,25,False
b7256dcd,2,6,4,6,4,24,24,False
b745798f,1,11,11,11,11,121,121,False
b745798f,2,9,9,9,9,81,81,False
b745798f,3,5,5,5,5,25,25,False
b74ca5d1,1,30,30,30,30,900,900,False
b74ca5d1,2,30,30,30,30,900,900,False
b74ca5d1,3,30,30,30,30,900,900,False
b775ac94,1,20,20,20,20,400,400,False
b775ac94,2,30,30,30,30,900,900,False
b775ac94,3,14,14,14,14,196,196,False
b782dc8a,1,13,14,13,14,182,182,False
b782dc8a,2,11,24,11,24,264,264,False
b7955b3c,1,18,14,18,14,252,252,False
b7955b3c,2,10,14,10,14,140,140,False
b7955b3c,3,10,8,10,8,80,80,False
b7999b51,1,10,15,3,3,150,9,True
b7999b51,2,19,18,5,4,342,20,True
b7999b51,3,10,15,4,3,150,12,True
b7cb93ac,1,10,12,3,4,120,12,True
b7cb93ac,2,10,13,3,4,130,12,True
b7cb93ac,3,10,11,3,4,110,12,True
b7f8a4d8,1,24,29,24,29,696,696,False
b7f8a4d8,2,23,28,23,28,644,644,False
b7f8a4d8,3,26,29,26,29,754,754,False
b7fb29bc,1,15,15,15,15,225,225,False
b7fb29bc,2,15,15,15,15,225,225,False
b7fb29bc,3,15,15,15,15,225,225,False
b8825c91,1,16,16,16,16,256,256,False
b8825c91,2,16,16,16,16,256,256,False
b8825c91,3,16,16,16,16,256,256,False
b8825c91,4,16,16,16,16,256,256,False
b8cdaf2b,1,5,5,5,5,25,25,False
b8cdaf2b,2,5,5,5,5,25,25,False
b8cdaf2b,3,7,7,7,7,49,49,False
b8cdaf2b,4,3,3,3,3,9,9,False
b91ae062,1,3,3,9,9,9,81,True
b91ae062,2,3,3,6,6,9,36,True
b91ae062,3,3,3,9,9,9,81,True
b91ae062,4,3,3,12,12,9,144,True
b91ae062,5,3,3,6,6,9,36,True
b942fd60,1,8,8,8,8,64,64,False
b942fd60,2,12,12,12,12,144,144,False
b942fd60,3,6,6,6,6,36,36,False
b942fd60,4,4,6,4,6,24,24,False
b942fd60,5,10,10,10,10,100,100,False
b942fd60,6,8,6,8,6,48,48,False
b94a9452,1,12,11,3,3,132,9,True
b94a9452,2,12,13,4,4,156,16,True
b94a9452,3,12,13,5,5,156,25,True
b9630600,1,30,30,30,30,900,900,False
b9630600,2,30,30,30,30,900,900,False
b9630600,3,30,30,30,30,900,900,False
b9b7f026,1,15,17,1,1,255,1,True
b9b7f026,2,15,13,1,1,195,1,True
b9b7f026,3,16,17,1,1,272,1,True
ba1aa698,1,16,21,16,6,336,96,True
ba1aa698,2,16,16,16,6,256,96,True
ba1aa698,3,16,19,16,7,304,112,True
ba26e723,1,3,13,3,13,39,39,False
ba26e723,2,3,11,3,11,33,33,False
ba26e723,3,3,11,3,11,33,33,False
ba26e723,4,3,14,3,14,42,42,False
ba26e723,5,3,10,3,10,30,30,False
ba97ae07,1,8,7,8,7,56,56,False
ba97ae07,2,7,9,7,9,63,63,False
ba97ae07,3,8,6,8,6,48,48,False
ba97ae07,4,13,13,13,13,169,169,False
ba9d41b8,1,13,15,13,15,195,195,False
ba9d41b8,2,16,15,16,15,240,240,False
ba9d41b8,3,17,16,17,16,272,272,False
bae5c565,1,13,13,13,13,169,169,False
bae5c565,2,9,9,9,9,81,81,False
baf41dbf,1,11,15,11,15,165,165,False
baf41dbf,2,8,17,8,17,136,136,False
baf41dbf,3,15,15,15,15,225,225,False
bb43febb,1,10,10,10,10,100,100,False
bb43febb,2,10,10,10,10,100,100,False
bb52a14b,1,22,22,22,22,484,484,False
bb52a14b,2,22,22,22,22,484,484,False
bb52a14b,3,22,22,22,22,484,484,False
bbb1b8b6,1,4,9,4,4,36,16,True
bbb1b8b6,2,4,9,4,4,36,16,True
bbb1b8b6,3,4,9,4,4,36,16,True
bbb1b8b6,4,4,9,4,4,36,16,True
bbb1b8b6,5,4,9,4,4,36,16,True
bbb1b8b6,6,4,9,4,4,36,16,True
bbb1b8b6,7,4,9,4,4,36,16,True
bbc9ae5d,1,1,6,3,6,6,18,True
bbc9ae5d,2,1,8,4,8,8,32,True
bbc9ae5d,3,1,10,5,10,10,50,True
bbc9ae5d,4,1,6,3,6,6,18,True
bbc9ae5d,5,1,6,3,6,6,18,True
bc1d5164,1,5,7,3,3,35,9,True
bc1d5164,2,5,7,3,3,35,9,True
bc1d5164,3,5,7,3,3,35,9,True
bc1d5164,4,5,7,3,3,35,9,True
bc1d5164,5,5,7,3,3,35,9,True
bc4146bd,1,4,4,4,20,16,80,True
bc4146bd,2,4,4,4,20,16,80,True
bc4146bd,3,4,4,4,20,16,80,True
bc4146bd,4,4,4,4,20,16,80,True
bc93ec48,1,10,10,10,10,100,100,False
bc93ec48,2,8,8,8,8,64,64,False
bc93ec48,3,8,8,8,8,64,64,False
bcb3040b,1,12,12,12,12,144,144,False
bcb3040b,2,16,16,16,16,256,256,False
bcb3040b,3,10,10,10,10,100,100,False
bd14c3bf,1,18,18,18,18,324,324,False
bd14c3bf,2,15,15,15,15,225,225,False
bd14c3bf,3,18,18,18,18,324,324,False
bd283c4a,1,10,10,10,10,100,100,False
bd283c4a,2,10,10,10,10,100,100,False
bd4472b8,1,10,4,10,4,40,40,False
bd4472b8,2,8,3,8,3,24,24,False
bd4472b8,3,6,2,6,2,12,12,False
bd5af378,1,5,6,5,6,30,30,False
bd5af378,2,5,8,5,8,40,40,False
bd5af378,3,8,6,8,6,48,48,False
bd5af378,4,10,10,10,10,100,100,False
bda2d7a6,1,8,8,8,8,64,64,False
bda2d7a6,2,6,6,6,6,36,36,False
bda2d7a6,3,6,6,6,6,36,36,False
bdad9b1f,1,6,6,6,6,36,36,False
bdad9b1f,2,6,6,6,6,36,36,False
be03b35f,1,5,5,2,2,25,4,True
be03b35f,2,5,5,2,2,25,4,True
be03b35f,3,5,5,2,2,25,4,True
be94b721,1,6,11,4,3,66,12,True
be94b721,2,5,10,3,2,50,6,True
be94b721,3,7,9,3,3,63,9,True
be94b721,4,7,13,4,3,91,12,True
beb8660c,1,7,4,7,4,28,28,False
beb8660c,2,10,7,10,7,70,70,False
beb8660c,3,3,3,3,3,9,9,False
bf32578f,1,6,6,6,6,36,36,False
bf32578f,2,10,10,10,10,100,100,False
bf32578f,3,6,6,6,6,36,36,False
bf699163,1,17,18,3,3,306,9,True
bf699163,2,17,16,3,3,272,9,True
bf89d739,1,14,10,14,10,140,140,False
bf89d739,2,16,12,16,12,192,192,False
bf89d739,3,14,15,14,15,210,210,False
bf89d739,4,19,13,19,13,247,247,False
c074846d,1,6,7,6,7,42,42,False
c074846d,2,3,3,3,3,9,9,False
c074846d,3,7,7,7,7,49,49,False
c074846d,4,7,7,7,7,49,49,False
c074846d,5,5,7,5,7,35,35,False
c0f76784,1,12,12,12,12,144,144,False
c0f76784,2,12,12,12,12,144,144,False
c0f76784,3,12,12,12,12,144,144,False
c1990cce,1,1,5,5,5,5,25,True
c1990cce,2,1,13,13,13,13,169,True
c1990cce,3,1,7,7,7,7,49,True
c1d99e64,1,12,14,12,14,168,168,False
c1d99e64,2,12,19,12,19,228,228,False
c1d99e64,3,17,15,17,15,255,255,False
c3202e5a,1,23,23,5,5,529,25,True
c3202e5a,2,23,23,5,5,529,25,True
c3202e5a,3,23,23,3,3,529,9,True
c35c1b4c,1,10,10,10,10,100,100,False
c35c1b4c,2,10,10,10,10,100,100,False
c35c1b4c,3,10,10,10,10,100,100,False
c3e719e8,1,3,3,9,9,9,81,True
c3e719e8,2,3,3,9,9,9,81,True
c3e719e8,3,3,3,9,9,9,81,True
c3fa4749,1,25,25,25,25,625,625,False
c3fa4749,2,20,20,20,20,400,400,False
c3fa4749,3,20,20,20,20,400,400,False
c444b776,1,19,9,19,9,171,171,False
c444b776,2,19,19,19,19,361,361,False
c48954c1,1,3,3,9,9,9,81,True
c48954c1,2,3,3,9,9,9,81,True
c48954c1,3,3,3,9,9,9,81,True
c4d1a9ae,1,10,8,10,8,80,80,False
c4d1a9ae,2,10,8,10,8,80,80,False
c59eb873,1,2,2,4,4,4,16,True
c59eb873,2,3,3,6,6,9,36,True
c59eb873,3,4,4,8,8,16,64,True
c6141b15,1,16,16,16,16,256,256,False
c6141b15,2,11,11,11,11,121,121,False
c6141b15,3,16,16,16,16,256,256,False
c61be7dc,1,11,11,11,11,121,121,False
c61be7dc,2,9,9,9,9,81,81,False
c61be7dc,3,13,13,13,13,169,169,False
c62e2108,1,22,19,22,19,418,418,False
c62e2108,2,18,17,18,17,306,306,False
c62e2108,3,22,22,22,22,484,484,False
c64f1187,1,17,18,8,14,306,112,True
c64f1187,2,18,20,8,11,360,88,True
c658a4bd,1,16,16,9,9,256,81,True
c658a4bd,2,13,13,8,8,169,64,True
c6e1b8da,1,20,20,20,20,400,400,False
c6e1b8da,2,20,20,20,20,400,400,False
c6e1b8da,3,20,20,20,20,400,400,False
c7d4e6ad,1,10,10,10,10,100,100,False
c7d4e6ad,2,10,10,10,10,100,100,False
c803e39c,1,5,23,9,9,115,81,True
c803e39c,2,5,23,9,9,115,81,True
c803e39c,3,6,27,16,16,162,256,True
c87289bb,1,10,12,10,12,120,120,False
c87289bb,2,10,12,10,12,120,120,False
c87289bb,3,10,12,10,12,120,120,False
c87289bb,4,9,10,9,10,90,90,False
c8b7cc0f,1,9,9,3,3,81,9,True
c8b7cc0f,2,7,7,3,3,49,9,True
c8b7cc0f,3,9,9,3,3,81,9,True
c8cbb738,1,10,8,3,3,80,9,True
c8cbb738,2,12,11,5,5,132,25,True
c8cbb738,3,12,14,5,5,168,25,True
c8f0f002,1,3,4,3,4,12,12,False
c8f0f002,2,3,6,3,6,18,18,False
c8f0f002,3,3,5,3,5,15,15,False
c909285e,1,26,26,7,7,676,49,True
c909285e,2,24,24,7,7,576,49,True
c909285e,3,28,28,7,7,784,49,True
c920a713,1,20,20,9,9,400,81,True
c920a713,2,12,12,9,9,144,81,True
c920a713,3,25,25,11,11,625,121,True
c92b942c,1,4,6,12,18,24,216,True
c92b942c,2,2,4,6,12,8,72,True
c92b942c,3,5,5,15,15,25,225,True
c92b942c,4,3,3,9,9,9,81,True
c9680e90,1,9,9,9,9,81,81,False
c9680e90,2,7,7,7,7,49,49,False
c9680e90,3,9,9,9,9,81,81,False
c97c0139,1,19,21,19,21,399,399,False
c97c0139,2,17,19,17,19,323,323,False
c9e6f938,1,3,3,3,6,9,18,True
c9e6f938,2,3,3,3,6,9,18,True
c9e6f938,3,3,3,3,6,9,18,True
c9f8e694,1,12,12,12,12,144,144,False
c9f8e694,2,12,12,12,12,144,144,False
ca8de6ea,1,5,5,3,3,25,9,True
ca8de6ea,2,5,5,3,3,25,9,True
ca8de6ea,3,5,5,3,3,25,9,True
caa06a1f,1,8,8,8,8,64,64,False
caa06a1f,2,11,11,11,11,121,121,False
caa06a1f,3,6,6,6,6,36,36,False
cad67732,1,5,5,10,10,25,100,True
cad67732,2,6,6,12,12,36,144,True
cad67732,3,8,8,16,16,64,256,True
cb227835,1,12,14,12,14,168,168,False
cb227835,2,13,13,13,13,169,169,False
cb227835,3,11,14,11,14,154,154,False
cbded52d,1,8,8,8,8,64,64,False
cbded52d,2,8,8,8,8,64,64,False
cbded52d,3,8,8,8,8,64,64,False
cc9053aa,1,7,9,7,9,63,63,False
cc9053aa,2,7,9,7,9,63,63,False
cc9053aa,3,9,9,9,9,81,81,False
ccd554ac,1,3,3,9,9,9,81,True
ccd554ac,2,2,2,4,4,4,16,True
ccd554ac,3,2,2,4,4,4,16,True
ccd554ac,4,4,4,16,16,16,256,True
ccd554ac,5,3,3,9,9,9,81,True
ccd554ac,6,4,4,16,16,16,256,True
cce03e0d,1,3,3,9,9,9,81,True
cce03e0d,2,3,3,9,9,9,81,True
cce03e0d,3,3,3,9,9,9,81,True
cd3c21df,1,12,12,2,2,144,4,True
cd3c21df,2,11,11,4,1,121,4,True
cd3c21df,3,13,13,2,3,169,6,True
cdecee7f,1,10,10,3,3,100,9,True
cdecee7f,2,10,10,3,3,100,9,True
cdecee7f,3,10,10,3,3,100,9,True
ce039d91,1,10,10,10,10,100,100,False
ce039d91,2,10,10,10,10,100,100,False
ce039d91,3,10,10,10,10,100,100,False
ce039d91,4,10,10,10,10,100,100,False
ce22a75a,1,9,9,9,9,81,81,False
ce22a75a,2,9,9,9,9,81,81,False
ce4f8723,1,9,4,4,4,36,16,True
ce4f8723,2,9,4,4,4,36,16,True
ce4f8723,3,9,4,4,4,36,16,True
ce4f8723,4,9,4,4,4,36,16,True
ce602527,1,19,17,5,3,323,15,True
ce602527,2,18,18,5,3,324,15,True
ce602527,3,15,17,3,5,255,15,True
ce602527,4,17,17,5,5,289,25,True
ce8d95cc,1,12,9,5,3,108,15,True
ce8d95cc,2,12,11,5,7,132,35,True
ce8d95cc,3,12,11,7,5,132,35,True
ce8d95cc,4,10,11,5,5,110,25,True
ce9e57f2,1,8,9,8,9,72,72,False
ce9e57f2,2,7,9,7,9,63,63,False
ce9e57f2,3,9,9,9,9,81,81,False
cf133acc,1,15,15,15,15,225,225,False
cf133acc,2,15,15,15,15,225,225,False
cf133acc,3,15,15,15,15,225,225,False
cf5fd0ad,1,3,3,12,12,9,144,True
cf5fd0ad,2,3,3,12,12,9,144,True
cf5fd0ad,3,3,3,12,12,9,144,True
cf98881b,1,4,14,4,4,56,16,True
cf98881b,2,4,14,4,4,56,16,True
cf98881b,3,4,14,4,4,56,16,True
cf98881b,4,4,14,4,4,56,16,True
cf98881b,5,4,14,4,4,56,16,True
cfb2ce5a,1,10,10,10,10,100,100,False
cfb2ce5a,2,10,10,10,10,100,100,False
cfb2ce5a,3,10,10,10,10,100,100,False
d017b73f,1,3,11,3,9,33,27,True
d017b73f,2,3,11,3,8,33,24,True
d017b73f,3,3,11,3,8,33,24,True
d017b73f,4,3,9,3,7,27,21,True
d037b0a7,1,3,3,3,3,9,9,False
d037b0a7,2,3,3,3,3,9,9,False
d037b0a7,3,3,3,3,3,9,9,False
d06dbe63,1,13,13,13,13,169,169,False
d06dbe63,2,13,13,13,13,169,169,False
d07ae81c,1,12,14,12,14,168,168,False
d07ae81c,2,19,12,19,12,228,228,False
d07ae81c,3,15,15,15,15,225,225,False
d0f5fe59,1,12,12,3,3,144,9,True
d0f5fe59,2,16,10,4,4,160,16,True
d0f5fe59,3,8,12,2,2,96,4,True
d10ecb37,1,8,8,2,2,64,4,True
d10ecb37,2,6,6,2,2,36,4,True
d10ecb37,3,12,6,2,2,72,4,True
d13f3404,1,3,3,6,6,9,36,True
d13f3404,2,3,3,6,6,9,36,True
d13f3404,3,3,3,6,6,9,36,True
d19f7514,1,12,4,6,4,48,24,True
d19f7514,2,12,4,6,4,48,24,True
d19f7514,3,12,4,6,4,48,24,True
d19f7514,4,12,4,6,4,48,24,True
d22278a0,1,13,13,13,13,169,169,False
d22278a0,2,12,12,12,12,144,144,False
d22278a0,3,7,7,7,7,49,49,False
d22278a0,4,10,10,10,10,100,100,False
d23f8c26,1,5,5,5,5,25,25,False
d23f8c26,2,3,3,3,3,9,9,False
d23f8c26,3,5,5,5,5,25,25,False
d255d7a7,1,14,14,14,14,196,196,False
d255d7a7,2,8,8,8,8,64,64,False
d255d7a7,3,16,16,16,16,256,256,False
d282b262,1,15,15,15,15,225,225,False
d282b262,2,15,15,15,15,225,225,False
d282b262,3,15,15,15,15,225,225,False
d2abd087,1,10,10,10,10,100,100,False
d2abd087,2,10,10,10,10,100,100,False
d2abd087,3,10,10,10,10,100,100,False
d2acf2cb,1,9,9,9,9,81,81,False
d2acf2cb,2,7,9,7,9,63,63,False
d2acf2cb,3,6,9,6,9,54,54,False
d304284e,1,23,28,23,28,644,644,False
d304284e,2,23,28,23,28,644,644,False
d364b489,1,10,10,10,10,100,100,False
d364b489,2,10,10,10,10,100,100,False
d37a1ef5,1,12,11,12,11,132,132,False
d37a1ef5,2,8,11,8,11,88,88,False
d37a1ef5,3,12,12,12,12,144,144,False
d406998b,1,3,13,3,13,39,39,False
d406998b,2,3,12,3,12,36,36,False
d406998b,3,3,14,3,14,42,42,False
d406998b,4,3,10,3,10,30,30,False
d43fd935,1,10,10,10,10,100,100,False
d43fd935,2,10,10,10,10,100,100,False
d43fd935,3,10,10,10,10,100,100,False
d4469b4b,1,5,5,3,3,25,9,True
d4469b4b,2,5,5,3,3,25,9,True
d4469b4b,3,5,5,3,3,25,9,True
d4469b4b,4,5,5,3,3,25,9,True
d4469b4b,5,5,5,3,3,25,9,True
d4469b4b,6,5,5,3,3,25,9,True
d4469b4b,7,5,5,3,3,25,9,True
d47aa2ff,1,10,21,10,10,210,100,True
d47aa2ff,2,10,21,10,10,210,100,True
d47aa2ff,3,10,21,10,10,210,100,True
d492a647,1,13,13,13,13,169,169,False
d492a647,2,13,16,13,16,208,208,False
d4a91cb9,1,8,11,8,11,88,88,False
d4a91cb9,2,10,12,10,12,120,120,False
d4a91cb9,3,12,11,12,11,132,132,False
d4b1c2b1,1,3,3,9,9,9,81,True
d4b1c2b1,2,3,3,3,3,9,9,False
d4b1c2b1,3,3,3,3,3,9,9,False
d4b1c2b1,4,3,3,12,12,9,144,True
d4b1c2b1,5,3,3,6,6,9,36,True
d4b1c2b1,6,3,3,6,6,9,36,True
d4b1c2b1,7,3,3,6,6,9,36,True
d4c90558,1,20,20,2,4,400,8,True
d4c90558,2,25,25,3,8,625,24,True
d4c90558,3,20,20,4,6,400,24,True
d4f3cd78,1,10,10,10,10,100,100,False
d4f3cd78,2,10,10,10,10,100,100,False
d511f180,1,3,3,3,3,9,9,False
d511f180,2,5,5,5,5,25,25,False
d511f180,3,3,3,3,3,9,9,False
d56f2372,1,22,17,6,7,374,42,True
d56f2372,2,21,16,4,5,336,20,True
d56f2372,3,21,19,3,5,399,15,True
d5c634a2,1,6,7,3,6,42,18,True
d5c634a2,2,8,7,3,6,56,18,True
d5c634a2,3,8,7,3,6,56,18,True
d5c634a2,4,5,4,3,6,20,18,True
d5c634a2,5,6,5,3,6,30,18,True
d5c634a2,6,8,7,3,6,56,18,True
d5c634a2,7,15,15,3,6,225,18,True
d5d6de2d,1,15,15,15,15,225,225,False
d5d6de2d,2,10,10,10,10,100,100,False
d5d6de2d,3,10,10,10,10,100,100,False
d631b094,1,3,3,1,1,9,1,True
d631b094,2,3,3,1,3,9,3,True
d631b094,3,3,3,1,4,9,4,True
d631b094,4,3,3,1,2,9,2,True
d6542281,1,19,19,19,19,361,361,False
d6542281,2,13,13,13,13,169,169,False
d6542281,3,13,13,13,13,169,169,False
d687bc17,1,12,12,12,12,144,144,False
d687bc17,2,10,15,10,15,150,150,False
d687bc17,3,14,11,14,11,154,154,False
d6ad076f,1,10,10,10,10,100,100,False
d6ad076f,2,10,10,10,10,100,100,False
d6ad076f,3,10,10,10,10,100,100,False
d6e50e54,1,10,10,10,10,100,100,False
d6e50e54,2,8,8,8,8,64,64,False
d6e50e54,3,12,12,12,12,144,144,False
d749d46f,1,4,13,10,18,52,180,True
d749d46f,2,5,16,10,25,80,250,True
d749d46f,3,6,11,10,16,66,160,True
d753a70b,1,16,16,16,16,256,256,False
d753a70b,2,16,16,16,16,256,256,False
d753a70b,3,16,16,16,16,256,256,False
d89b689b,1,10,10,10,10,100,100,False
d89b689b,2,10,10,10,10,100,100,False
d89b689b,3,10,10,10,10,100,100,False
d8c310e9,1,5,15,5,15,75,75,False
d8c310e9,2,5,15,5,15,75,75,False
d8c310e9,3,5,15,5,15,75,75,False
d90796e8,1,7,6,7,6,42,42,False
d90796e8,2,3,3,3,3,9,9,False
d90796e8,3,7,7,7,7,49,49,False
d931c21c,1,16,14,16,14,224,224,False
d931c21c,2,9,10,9,10,90,90,False
d931c21c,3,19,22,19,22,418,418,False
d931c21c,4,8,8,8,8,64,64,False
d93c6891,1,16,16,16,16,256,256,False
d93c6891,2,10,14,10,14,140,140,False
d93c6891,3,16,16,16,16,256,256,False
d94c3b52,1,17,25,17,25,425,425,False
d94c3b52,2,17,25,17,25,425,425,False
d94c3b52,3,17,25,17,25,425,425,False
d968ffd4,1,5,16,5,16,80,80,False
d968ffd4,2,4,17,4,17,68,68,False
d968ffd4,3,19,3,19,3,57,57,False
d9f24cd1,1,10,10,10,10,100,100,False
d9f24cd1,2,10,10,10,10,100,100,False
d9fac9be,1,11,9,1,1,99,1,True
d9fac9be,2,7,9,1,1,63,1,True
d9fac9be,3,11,12,1,1,132,1,True
d9fac9be,4,5,9,1,1,45,1,True
da2b0fe3,1,10,10,10,10,100,100,False
da2b0fe3,2,10,10,10,10,100,100,False
da2b0fe3,3,10,10,10,10,100,100,False
da6e95e5,1,30,30,3,3,900,9,True
da6e95e5,2,30,30,2,2,900,4,True
da6e95e5,3,30,30,4,5,900,20,True
dae9d2b5,1,3,6,3,3,18,9,True
dae9d2b5,2,3,6,3,3,18,9,True
dae9d2b5,3,3,6,3,3,18,9,True
dae9d2b5,4,3,6,3,3,18,9,True
dae9d2b5,5,3,6,3,3,18,9,True
db118e2a,1,9,7,15,15,63,225,True
db118e2a,2,7,8,15,15,56,225,True
db118e2a,3,9,9,15,15,81,225,True
db118e2a,4,6,7,15,15,42,225,True
db3e9e38,1,7,8,7,8,56,56,False
db3e9e38,2,5,7,5,7,35,35,False
db615bd4,1,25,25,25,25,625,625,False
db615bd4,2,25,25,25,25,625,625,False
db615bd4,3,25,25,25,25,625,625,False
db7260a4,1,10,10,10,10,100,100,False
db7260a4,2,10,10,10,10,100,100,False
db7260a4,3,10,10,10,10,100,100,False
db7260a4,4,10,10,10,10,100,100,False
db7260a4,5,10,10,10,10,100,100,False
db93a21d,1,20,20,20,20,400,400,False
db93a21d,2,15,15,15,15,225,225,False
db93a21d,3,20,20,20,20,400,400,False
db93a21d,4,10,10,10,10,100,100,False
dbc1a6ce,1,12,12,12,12,144,144,False
dbc1a6ce,2,10,11,10,11,110,110,False
dbc1a6ce,3,8,9,8,9,72,72,False
dbc1a6ce,4,10,9,10,9,90,90,False
dc1df850,1,8,8,8,8,64,64,False
dc1df850,2,5,5,5,5,25,25,False
dc1df850,3,4,5,4,5,20,20,False
dc2aa30b,1,11,11,11,11,121,121,False
dc2aa30b,2,11,11,11,11,121,121,False
dc2aa30b,3,11,11,11,11,121,121,False
dc2e9a9d,1,23,19,23,19,437,437,False
dc2e9a9d,2,22,17,22,17,374,374,False
dc2e9a9d,3,22,21,22,21,462,462,False
dc433765,1,7,7,7,7,49,49,False
dc433765,2,10,10,10,10,100,100,False
dc433765,3,3,3,3,3,9,9,False
dc433765,4,5,3,5,3,15,15,False
dc433765,5,5,5,5,5,25,25,False
dc433765,6,11,11,11,11,121,121,False
dc433765,7,3,3,3,3,9,9,False
dc46ea44,1,11,11,11,11,121,121,False
dc46ea44,2,11,11,11,11,121,121,False
dc46ea44,3,11,11,11,11,121,121,False
dce56571,1,7,11,7,11,77,77,False
dce56571,2,5,10,5,10,50,50,False
dce56571,3,9,15,9,15,135,135,False
dd2401ed,1,7,15,7,15,105,105,False
dd2401ed,2,7,15,7,15,105,105,False
dd2401ed,3,7,15,7,15,105,105,False
dd2401ed,4,7,15,7,15,105,105,False
ddf7fa4f,1,10,10,10,10,100,100,False
ddf7fa4f,2,10,10,10,10,100,100,False
ddf7fa4f,3,10,10,10,10,100,100,False
de1cd16c,1,16,17,1,1,272,1,True
de1cd16c,2,16,15,1,1,240,1,True
de1cd16c,3,16,19,1,1,304,1,True
de1cd16c,4,17,13,1,1,221,1,True
de493100,1,30,30,10,10,900,100,True
de493100,2,30,30,7,5,900,35,True
de493100,3,30,30,4,4,900,16,True
de493100,4,30,30,6,8,900,48,True
ded97339,1,10,10,10,10,100,100,False
ded97339,2,10,10,10,10,100,100,False
ded97339,3,10,10,10,10,100,100,False
df8cc377,1,20,20,20,20,400,400,False
df8cc377,2,18,23,18,23,414,414,False
df8cc377,3,12,20,12,20,240,240,False
df978a02,1,16,16,16,16,256,256,False
df978a02,2,16,16,16,16,256,256,False
df978a02,3,16,16,16,16,256,256,False
df9fd884,1,9,9,9,9,81,81,False
df9fd884,2,8,8,8,8,64,64,False
df9fd884,3,9,9,9,9,81,81,False
e048c9ed,1,4,3,4,3,12,12,False
e048c9ed,2,10,10,10,10,100,100,False
e048c9ed,3,8,11,8,11,88,88,False
e048c9ed,4,6,6,6,6,36,36,False
e0fb7511,1,13,13,13,13,169,169,False
e0fb7511,2,13,13,13,13,169,169,False
e0fb7511,3,13,13,13,13,169,169,False
e133d23d,1,3,7,3,3,21,9,True
e133d23d,2,3,7,3,3,21,9,True
e133d23d,3,3,7,3,3,21,9,True
e133d23d,4,3,7,3,3,21,9,True
e133d23d,5,3,7,3,3,21,9,True
e179c5f4,1,10,3,10,3,30,30,False
e179c5f4,2,10,2,10,2,20,20,False
e179c5f4,3,10,4,10,4,40,40,False
e1baa8a4,1,15,14,2,3,210,6,True
e1baa8a4,2,12,14,2,3,168,6,True
e1baa8a4,3,15,15,3,4,225,12,True
e1baa8a4,4,13,15,2,2,195,4,True
e1d2900e,1,30,30,30,30,900,900,False
e1d2900e,2,30,30,30,30,900,900,False
e1d2900e,3,10,13,10,13,130,130,False
e2092e0c,1,15,15,15,15,225,225,False
e2092e0c,2,15,15,15,15,225,225,False
e2092e0c,3,15,15,15,15,225,225,False
e21a174a,1,7,7,7,7,49,49,False
e21a174a,2,13,13,13,13,169,169,False
e21a174a,3,13,13,13,13,169,169,False
e21d9049,1,15,14,15,14,210,210,False
e21d9049,2,12,11,12,11,132,132,False
e26a3af2,1,13,14,13,14,182,182,False
e26a3af2,2,13,17,13,17,221,221,False
e26a3af2,3,15,14,15,14,210,210,False
e345f17b,1,4,8,4,4,32,16,True
e345f17b,2,4,8,4,4,32,16,True
e345f17b,3,4,8,4,4,32,16,True
e345f17b,4,4,8,4,4,32,16,True
e3497940,1,10,9,10,4,90,40,True
e3497940,2,10,9,10,4,90,40,True
e3497940,3,10,9,10,4,90,40,True
e39e9282,1,11,11,11,11,121,121,False
e39e9282,2,9,9,9,9,81,81,False
e39e9282,3,15,15,15,15,225,225,False
e3f79277,1,6,6,16,16,36,256,True
e3f79277,2,6,6,16,16,36,256,True
e3fe1151,1,5,5,5,5,25,25,False
e3fe1151,2,5,5,5,5,25,25,False
e3fe1151,3,5,5,5,5,25,25,False
e4075551,1,15,14,15,14,210,210,False
e4075551,2,14,15,14,15,210,210,False
e4075551,3,15,15,15,15,225,225,False
e40b9e2f,1,10,10,10,10,100,100,False
e40b9e2f,2,10,10,10,10,100,100,False
e40b9e2f,3,10,10,10,10,100,100,False
e41c6fd3,1,14,30,14,30,420,420,False
e41c6fd3,2,13,23,13,23,299,299,False
e41c6fd3,3,16,30,16,30,480,480,False
e45ef808,1,12,12,12,12,144,144,False
e45ef808,2,12,12,12,12,144,144,False
e4888269,1,10,20,10,20,200,200,False
e4888269,2,10,20,10,20,200,200,False
e4888269,3,10,20,10,20,200,200,False
e48d4e1a,1,10,10,10,10,100,100,False
e48d4e1a,2,10,10,10,10,100,100,False
e48d4e1a,3,10,10,10,10,100,100,False
e48d4e1a,4,10,10,10,10,100,100,False
e4941b18,1,9,9,9,9,81,81,False
e4941b18,2,7,7,7,7,49,49,False
e4941b18,3,11,11,11,11,121,121,False
e5062a87,1,10,10,10,10,100,100,False
e5062a87,2,10,10,10,10,100,100,False
e5062a87,3,10,10,10,10,100,100,False
e509e548,1,10,11,10,11,110,110,False
e509e548,2,19,21,19,21,399,399,False
e509e548,3,14,12,14,12,168,168,False
e50d258f,1,10,10,3,3,100,9,True
e50d258f,2,10,10,5,4,100,20,True
e50d258f,3,10,10,6,4,100,24,True
e57337a4,1,15,15,3,3,225,9,True
e57337a4,2,15,15,3,3,225,9,True
e57337a4,3,15,15,3,3,225,9,True
e5790162,1,6,6,6,6,36,36,False
e5790162,2,8,6,8,6,48,48,False
e5790162,3,8,8,8,8,64,64,False
e5790162,4,9,8,9,8,72,72,False
e5790162,5,6,6,6,6,36,36,False
e5c44e8f,1,11,11,11,11,121,121,False
e5c44e8f,2,11,11,11,11,121,121,False
e5c44e8f,3,11,11,11,11,121,121,False
e619ca6e,1,25,22,25,22,550,550,False
e619ca6e,2,29,29,29,29,841,841,False
e619ca6e,3,29,27,29,27,783,783,False
e633a9e5,1,3,3,5,5,9,25,True
e633a9e5,2,3,3,5,5,9,25,True
e633a9e5,3,3,3,5,5,9,25,True
e6721834,1,11,20,11,10,220,110,True
e6721834,2,30,17,15,17,510,255,True
e6721834,3,10,16,10,8,160,80,True
e681b708,1,22,24,22,24,528,528,False
e681b708,2,27,23,27,23,621,621,False
e681b708,3,20,22,20,22,440,440,False
e69241bd,1,9,9,9,9,81,81,False
e69241bd,2,9,9,9,9,81,81,False
e69241bd,3,7,7,7,7,49,49,False
e6de6e8f,1,2,12,8,7,24,56,True
e6de6e8f,2,2,12,8,7,24,56,True
e6de6e8f,3,2,12,8,7,24,56,True
e729b7be,1,17,17,17,17,289,289,False
e729b7be,2,15,15,15,15,225,225,False
e729b7be,3,17,17,17,17,289,289,False
e73095fd,1,13,16,13,16,208,208,False
e73095fd,2,12,19,12,19,228,228,False
e73095fd,3,15,17,15,17,255,255,False
e734a0e8,1,23,23,23,23,529,529,False
e734a0e8,2,11,11,11,11,121,121,False
e74e1818,1,11,11,11,11,121,121,False
e74e1818,2,13,13,13,13,169,169,False
e74e1818,3,7,7,7,7,49,49,False
e760a62e,1,24,24,24,24,576,576,False
e760a62e,2,22,22,22,22,484,484,False
e760a62e,3,26,26,26,26,676,676,False
e7639916,1,8,12,8,12,96,96,False
e7639916,2,10,20,10,20,200,200,False
e7639916,3,11,13,11,13,143,143,False
e76a88a6,1,10,10,10,10,100,100,False
e76a88a6,2,10,10,10,10,100,100,False
e78887d1,1,5,15,3,15,75,45,True
e78887d1,2,9,11,3,11,99,33,True
e78887d1,3,9,15,3,15,135,45,True
e78887d1,4,13,11,3,11,143,33,True
e7a25a18,1,14,14,6,6,196,36,True
e7a25a18,2,14,14,10,10,196,100,True
e7b06bea,1,12,8,12,8,96,96,False
e7b06bea,2,7,7,7,7,49,49,False
e7b06bea,3,9,7,9,7,63,63,False
e7b06bea,4,14,6,14,6,84,84,False
e7b06bea,5,5,5,5,5,25,25,False
e7dd8335,1,8,9,8,9,72,72,False
e7dd8335,2,7,7,7,7,49,49,False
e7dd8335,3,9,9,9,9,81,81,False
e84fef15,1,29,29,5,5,841,25,True
e84fef15,2,29,29,5,5,841,25,True
e84fef15,3,29,29,5,5,841,25,True
e8593010,1,10,10,10,10,100,100,False
e8593010,2,10,10,10,10,100,100,False
e8593010,3,10,10,10,10,100,100,False
e872b94a,1,7,7,3,1,49,3,True
e872b94a,2,3,3,2,1,9,2,True
e872b94a,3,9,12,5,1,108,5,True
e872b94a,4,12,12,4,1,144,4,True
e88171ec,1,15,15,15,15,225,225,False
e88171ec,2,19,19,19,19,361,361,False
e88171ec,3,16,16,16,16,256,256,False
e8dc4411,1,13,15,13,15,195,195,False
e8dc4411,2,12,14,12,14,168,168,False
e8dc4411,3,12,16,12,16,192,192,False
e9614598,1,10,10,10,10,100,100,False
e9614598,2,10,10,10,10,100,100,False
e98196ab,1,11,11,5,11,121,55,True
e98196ab,2,11,11,5,11,121,55,True
e98196ab,3,11,11,5,11,121,55,True
e99362f0,1,11,9,5,4,99,20,True
e99362f0,2,11,9,5,4,99,20,True
e99362f0,3,11,9,5,4,99,20,True
e99362f0,4,11,9,5,4,99,20,True
e99362f0,5,11,9,5,4,99,20,True
e99362f0,6,11,9,5,4,99,20,True
e9ac8c9e,1,10,10,10,10,100,100,False
e9ac8c9e,2,10,10,10,10,100,100,False
e9ac8c9e,3,10,10,10,10,100,100,False
e9afcf9a,1,2,6,2,6,12,12,False
e9afcf9a,2,2,6,2,6,12,12,False
e9b4f6fc,1,13,13,4,7,169,28,True
e9b4f6fc,2,13,13,7,7,169,49,True
e9b4f6fc,3,13,13,4,4,169,16,True
e9b4f6fc,4,13,13,6,6,169,36,True
e9bb6954,1,18,14,18,14,252,252,False
e9bb6954,2,14,13,14,13,182,182,False
e9bb6954,3,18,18,18,18,324,324,False
e9bb6954,4,17,18,17,18,306,306,False
e9c9d9a1,1,15,12,15,12,180,180,False
e9c9d9a1,2,19,12,19,12,228,228,False
e9c9d9a1,3,18,16,18,16,288,288,False
e9fc42f2,1,13,13,8,5,169,40,True
e9fc42f2,2,13,13,8,10,169,80,True
e9fc42f2,3,13,13,8,6,169,48,True
ea32f347,1,10,10,10,10,100,100,False
ea32f347,2,10,10,10,10,100,100,False
ea32f347,3,10,10,10,10,100,100,False
ea32f347,4,10,10,10,10,100,100,False
ea786f4a,1,5,5,5,5,25,25,False
ea786f4a,2,3,3,3,3,9,9,False
ea786f4a,3,7,7,7,7,49,49,False
ea959feb,1,22,25,22,25,550,550,False
ea959feb,2,22,25,22,25,550,550,False
ea959feb,3,22,25,22,25,550,550,False
ea9794b1,1,10,10,5,5,100,25,True
ea9794b1,2,10,10,5,5,100,25,True
ea9794b1,3,10,10,5,5,100,25,True
ea9794b1,4,10,10,5,5,100,25,True
ea9794b1,5,10,10,5,5,100,25,True
ea9794b1,6,10,10,5,5,100,25,True
eb281b96,1,4,17,13,17,68,221,True
eb281b96,2,3,17,9,17,51,153,True
eb5a1d5d,1,22,25,3,3,550,9,True
eb5a1d5d,2,23,27,5,5,621,25,True
eb5a1d5d,3,21,22,7,7,462,49,True
ec883f72,1,9,9,9,9,81,81,False
ec883f72,2,8,8,8,8,64,64,False
ec883f72,3,12,12,12,12,144,144,False
ec883f72,4,6,6,6,6,36,36,False
ecaa0ec1,1,11,10,11,10,110,110,False
ecaa0ec1,2,10,10,10,10,100,100,False
ecaa0ec1,3,11,11,11,11,121,121,False
ecaa0ec1,4,12,10,12,10,120,120,False
ecb67b6d,1,6,8,6,8,48,48,False
ecb67b6d,2,4,5,4,5,20,20,False
ecb67b6d,3,12,11,12,11,132,132,False
ecdecbb3,1,13,18,13,18,234,234,False
ecdecbb3,2,13,13,13,13,169,169,False
ecdecbb3,3,17,12,17,12,204,204,False
ed36ccf7,1,3,3,3,3,9,9,False
ed36ccf7,2,3,3,3,3,9,9,False
ed36ccf7,3,3,3,3,3,9,9,False
ed36ccf7,4,3,3,3,3,9,9,False
ed74f2f2,1,5,9,3,3,45,9,True
ed74f2f2,2,5,9,3,3,45,9,True
ed74f2f2,3,5,9,3,3,45,9,True
ed74f2f2,4,5,9,3,3,45,9,True
ed74f2f2,5,5,9,3,3,45,9,True
ed74f2f2,6,5,9,3,3,45,9,True
ed98d772,1,3,3,6,6,9,36,True
ed98d772,2,3,3,6,6,9,36,True
ed98d772,3,3,3,6,6,9,36,True
ed98d772,4,3,3,6,6,9,36,True
ed98d772,5,3,3,6,6,9,36,True
edcc2ff0,1,20,10,20,10,200,200,False
edcc2ff0,2,20,10,20,10,200,200,False
edcc2ff0,3,20,10,20,10,200,200,False
ef135b50,1,10,10,10,10,100,100,False
ef135b50,2,10,10,10,10,100,100,False
ef135b50,3,10,10,10,10,100,100,False
ef26cbf6,1,11,7,11,7,77,77,False
ef26cbf6,2,7,11,7,11,77,77,False
f0100645,1,10,10,10,10,100,100,False
f0100645,2,9,9,9,9,81,81,False
f0afb749,1,2,2,4,4,4,16,True
f0afb749,2,5,5,10,10,25,100,True
f0afb749,3,6,6,12,12,36,144,True
f0df5ff0,1,15,15,15,15,225,225,False
f0df5ff0,2,15,15,15,15,225,225,False
f0df5ff0,3,15,15,15,15,225,225,False
f0f8a26d,1,9,9,9,9,81,81,False
f0f8a26d,2,9,9,9,9,81,81,False
f0f8a26d,3,11,11,11,11,121,121,False
f15e1fac,1,14,10,14,10,140,140,False
f15e1fac,2,17,12,17,12,204,204,False
f15e1fac,3,12,12,12,12,144,144,False
f18ec8cc,1,9,14,9,14,126,126,False
f18ec8cc,2,7,12,7,12,84,84,False
f18ec8cc,3,8,13,8,13,104,104,False
f18ec8cc,4,8,10,8,10,80,80,False
f1bcbc2c,1,10,10,10,10,100,100,False
f1bcbc2c,2,10,10,10,10,100,100,False
f1bcbc2c,3,10,10,10,10,100,100,False
f1bcbc2c,4,10,10,10,10,100,100,False
f1cefba8,1,15,17,15,17,255,255,False
f1cefba8,2,19,13,19,13,247,247,False
f1cefba8,3,16,18,16,18,288,288,False
f21745ec,1,21,21,21,21,441,441,False
f21745ec,2,19,19,19,19,361,361,False
f21745ec,3,22,22,22,22,484,484,False
f25fbde4,1,9,9,6,6,81,36,True
f25fbde4,2,9,9,6,8,81,48,True
f25fbde4,3,9,9,8,6,81,48,True
f25ffba3,1,10,4,10,4,40,40,False
f25ffba3,2,10,4,10,4,40,40,False
f2829549,1,4,7,4,3,28,12,True
f2829549,2,4,7,4,3,28,12,True
f2829549,3,4,7,4,3,28,12,True
f2829549,4,4,7,4,3,28,12,True
f2829549,5,4,7,4,3,28,12,True
f28a3cbb,1,9,9,9,9,81,81,False
f28a3cbb,2,9,9,9,9,81,81,False
f341894c,1,10,10,10,10,100,100,False
f341894c,2,8,8,8,8,64,64,False
f341894c,3,14,14,14,14,196,196,False
f35d900a,1,17,16,17,16,272,272,False
f35d900a,2,17,14,17,14,238,238,False
f35d900a,3,17,16,17,16,272,272,False
f35d900a,4,14,14,14,14,196,196,False
f3b10344,1,30,30,30,30,900,900,False
f3b10344,2,30,30,30,30,900,900,False
f3b10344,3,25,30,25,30,750,750,False
f3cdc58f,1,10,10,10,10,100,100,False
f3cdc58f,2,10,10,10,10,100,100,False
f3cdc58f,3,10,10,10,10,100,100,False
f3e14006,1,12,12,12,12,144,144,False
f3e14006,2,10,10,10,10,100,100,False
f3e14006,3,12,12,12,12,144,144,False
f3e14006,4,15,15,15,15,225,225,False
f3e62deb,1,10,10,10,10,100,100,False
f3e62deb,2,10,10,10,10,100,100,False
f3e62deb,3,10,10,10,10,100,100,False
f3e62deb,4,10,10,10,10,100,100,False
f3e62deb,5,10,10,10,10,100,100,False
f3e62deb,6,10,10,10,10,100,100,False
f45f5ca7,1,10,10,10,10,100,100,False
f45f5ca7,2,10,10,10,10,100,100,False
f45f5ca7,3,10,10,10,10,100,100,False
f5aa3634,1,15,13,3,3,195,9,True
f5aa3634,2,10,13,3,4,130,12,True
f5aa3634,3,15,15,3,4,225,12,True
f5b8619d,1,6,6,12,12,36,144,True
f5b8619d,2,3,3,6,6,9,36,True
f5b8619d,3,2,2,4,4,4,16,True
f5c89df1,1,13,13,13,13,169,169,False
f5c89df1,2,13,13,13,13,169,169,False
f5c89df1,3,13,13,13,13,169,169,False
f76d97a5,1,5,5,5,5,25,25,False
f76d97a5,2,3,3,3,3,9,9,False
f76d97a5,3,5,5,5,5,25,25,False
f823c43c,1,12,12,12,12,144,144,False
f823c43c,2,15,19,15,19,285,285,False
f83cb3f6,1,12,14,12,14,168,168,False
f83cb3f6,2,17,10,17,10,170,170,False
f83cb3f6,3,15,10,15,10,150,150,False
f8a8fe49,1,15,15,15,15,225,225,False
f8a8fe49,2,15,15,15,15,225,225,False
f8a8fe49,3,15,15,15,15,225,225,False
f8b3ba0a,1,13,10,3,1,130,3,True
f8b3ba0a,2,13,16,3,1,208,3,True
f8b3ba0a,3,13,13,3,1,169,3,True
f8b3ba0a,4,13,13,3,1,169,3,True
f8be4b64,1,18,18,18,18,324,324,False
f8be4b64,2,10,10,10,10,100,100,False
f8be4b64,3,13,13,13,13,169,169,False
f8be4b64,4,30,30,30,30,900,900,False
f8c80d96,1,10,10,10,10,100,100,False
f8c80d96,2,10,10,10,10,100,100,False
f8c80d96,3,10,10,10,10,100,100,False
f8cc533f,1,19,19,19,19,361,361,False
f8cc533f,2,11,19,11,19,209,209,False
f8cc533f,3,11,19,11,19,209,209,False
f8f52ecc,1,10,10,10,10,100,100,False
f8f52ecc,2,10,10,10,10,100,100,False
f8f52ecc,3,12,12,12,12,144,144,False
f8ff0b80,1,12,12,3,1,144,3,True
f8ff0b80,2,12,12,3,1,144,3,True
f8ff0b80,3,12,12,3,1,144,3,True
f9012d9b,1,4,4,1,1,16,1,True
f9012d9b,2,5,5,2,2,25,4,True
f9012d9b,3,7,7,2,2,49,4,True
f9a67cb5,1,11,12,11,12,132,132,False
f9a67cb5,2,11,17,11,17,187,187,False
f9a67cb5,3,10,13,10,13,130,130,False
f9d67f8b,1,30,30,30,30,900,900,False
f9d67f8b,2,30,30,30,30,900,900,False
f9d67f8b,3,30,30,30,30,900,900,False
f9d67f8b,4,30,30,30,30,900,900,False
fafd9572,1,10,12,10,12,120,120,False
fafd9572,2,12,18,12,18,216,216,False
fafffa47,1,6,3,3,3,18,9,True
fafffa47,2,6,3,3,3,18,9,True
fafffa47,3,6,3,3,3,18,9,True
fafffa47,4,6,3,3,3,18,9,True
fafffa47,5,6,3,3,3,18,9,True
fb791726,1,3,3,6,6,9,36,True
fb791726,2,6,6,12,12,36,144,True
fb791726,3,7,7,14,14,49,196,True
fbf15a0b,1,20,20,10,20,400,200,True
fbf15a0b,2,20,10,10,10,200,100,True
fbf15a0b,3,16,30,8,30,480,240,True
fbf15a0b,4,10,22,10,11,220,110,True
fc10701f,1,12,12,12,12,144,144,False
fc10701f,2,8,8,8,8,64,64,False
fc10701f,3,16,16,16,16,256,256,False
fc4aaf52,1,16,16,16,16,256,256,False
fc4aaf52,2,16,16,16,16,256,256,False
fc754716,1,5,7,5,7,35,35,False
fc754716,2,5,3,5,3,15,15,False
fc754716,3,5,5,5,5,25,25,False
fc754716,4,3,3,3,3,9,9,False
fcb5c309,1,13,16,6,7,208,42,True
fcb5c309,2,13,13,7,7,169,49,True
fcb5c309,3,15,16,7,7,240,49,True
fcc82909,1,10,10,10,10,100,100,False
fcc82909,2,10,10,10,10,100,100,False
fcc82909,3,10,10,10,10,100,100,False
fd02da9e,1,8,8,8,8,64,64,False
fd02da9e,2,8,8,8,8,64,64,False
fd02da9e,3,8,8,8,8,64,64,False
fd02da9e,4,8,8,8,8,64,64,False
fd096ab6,1,24,24,24,24,576,576,False
fd096ab6,2,22,22,22,22,484,484,False
fd4b2b02,1,16,16,16,16,256,256,False
fd4b2b02,2,23,23,23,23,529,529,False
fd4b2b02,3,26,26,26,26,676,676,False
fe45cba4,1,8,8,8,8,64,64,False
fe45cba4,2,8,8,8,8,64,64,False
fe9372f3,1,7,16,7,16,112,112,False
fe9372f3,2,12,10,12,10,120,120,False
fea12743,1,16,11,16,11,176,176,False
fea12743,2,16,11,16,11,176,176,False
fea12743,3,16,11,16,11,176,176,False
feca6190,1,1,5,15,15,5,225,True
feca6190,2,1,5,5,5,5,25,True
feca6190,3,1,5,15,15,5,225,True
feca6190,4,1,5,5,5,5,25,True
feca6190,5,1,5,10,10,5,100,True
ff2825db,1,10,10,10,10,100,100,False
ff2825db,2,10,10,10,10,100,100,False
ff2825db,3,10,10,10,10,100,100,False
ff28f65a,1,6,6,3,3,36,9,True
ff28f65a,2,7,7,3,3,49,9,True
ff28f65a,3,7,7,3,3,49,9,True
ff28f65a,4,3,3,3,3,9,9,False
ff28f65a,5,5,5,3,3,25,9,True
ff28f65a,6,7,7,3,3,49,9,True
ff28f65a,7,7,7,3,3,49,9,True
ff28f65a,8,5,5,3,3,25,9,True
ff72ca3e,1,9,8,9,8,72,72,False
ff72ca3e,2,9,10,9,10,90,90,False
ff72ca3e,3,9,11,9,11,99,99,False
ff72ca3e,4,12,10,12,10,120,120,False
ff805c23,1,24,24,5,5,576,25,True
ff805c23,2,24,24,5,5,576,25,True
ff805c23,3,24,24,5,5,576,25,True
